ID,Fuel_type,Granted_power_MW,latitude,longitude,year,Fuel_consumed_plant_GJ
2023,Gas_thermal,102.89,-20.5246084,-43.67546915,2019,30202299.11
2043,Gas_thermal,2.165,-3.57916666,-61.40555555,2019,1311309.715
2047,Gas_thermal,4.57,-3.71027777,-61.66305555,2019,2767984.017
2059,Gas_thermal,3.35,-3.71666053,-38.47283271,2019,838468.9757
2127,Gas_thermal,2.165,-3.29527777,-61.21583333,2019,1311309.715
2135,Gas_thermal,130.71,-12.68722652,-38.35256934,2019,32715307.41
2179,Gas_thermal,4.57,-3.78305559,-62.03444445,2019,2767984.017
2211,Gas_thermal,5.16,-22.786,-43.312,2019,1514664.821
2227,Gas_thermal,226,-19.99055687,-44.09838989,2019,66339970.83
2263,Gas_thermal,87.048,-21.68545367,-43.44747855,2019,25552043.28
2335,Gas_thermal,826.78,-22.29878767,-41.87303455,2019,242692748.2
2423,Gas_thermal,52,-25.56722222,-49.36666666,2019,1183571.85
2427,Gas_thermal,75.56,-23.181093,-45.818979,2019,22179859.27
2431,Gas_thermal,62.5,-12.62400966,-38.67053455,2019,15643077.91
2435,Gas_thermal,106.67,-22.72462067,-47.11886755,2019,31311879.15
2451,Gas_thermal,11,-23.76464186,-46.3745248,2019,3228936.633
2459,Gas_thermal,39.9,-23.54243609,-46.27854896,2019,11712233.79
2487,Gas_thermal,138.68,-23.29488966,-45.98104455,2019,40708084.76
2495,Gas_thermal,639.9,-29.75989867,-56.99053455,2019,14564762.05
2543,Gas_thermal,529.2,-15.596,-56.097,2019,155341206
2563,Gas_thermal,177.97,-22.51539722,-44.12456944,2019,52241259.33
2571,Gas_thermal,177.116,-20.54722222,-54.74972222,2019,51990576.43
2607,Gas_thermal,1000,-22.91426934,-43.76529191,2019,293539693.9
2615,Gas_thermal,166,-3.12977675,-60.03278281,2019,100543839.6
2619,Gas_thermal,185.891,-12.70378766,-38.56692355,2019,46526518.32
2623,Gas_thermal,13.08,-22.86527778,-43.61194444,2019,3839499.197
2627,Gas_thermal,63.3,-22.71444389,-43.26805611,2019,18581062.63
2643,Gas_thermal,7.7,-23.18200967,-46.87453455,2019,2260255.643
2671,Gas_thermal,484.15,-25.58830447,-49.3558616,2019,11019736.75
2695,Gas_thermal,4.95,-22.87665194,-43.227875,2019,1453021.485
2707,Gas_thermal,989.2,-22.70962067,-43.24581255,2019,290369465.3
2719,Gas_thermal,22.5,-23.63878767,-46.46664555,2019,6604643.114
2723,Gas_thermal,25,-21.71554367,-41.32853455,2019,7338492.349
2727,Gas_thermal,360,-22.72004303,-43.64687353,2019,105674289.8
2731,Gas_thermal,13.898,-22.75700967,-47.14453455,2019,4079614.666
2743,Gas_thermal,385.819,-20.74100967,-51.65414555,2019,113253191.2
2747,Gas_thermal,4.794,-3.723805,-38.58992806,2019,1199886.648
2751,Gas_thermal,2.1,-20.23669133,-40.27884324,2019,616433.3573
2755,Gas_thermal,2.1,-23.45900967,-46.52353455,2019,616433.3573
2759,Gas_thermal,3.84,-23.65894302,-46.72094438,2019,1127192.425
2763,Gas_thermal,4.6,-29.79530569,-51.14926167,2019,104700.5867
2771,Gas_thermal,249.9,-23.87553052,-46.43182548,2019,73355569.52
2775,Gas_thermal,922.615,-22.29989867,-41.86581255,2019,270824124.7
2779,Gas_thermal,532.756,-8.39906566,-34.95692355,2019,133343097.8
2783,Gas_thermal,349,-8.76889194,-63.83144611,2019,102445353.2
2791,Gas_thermal,248.573,-29.87637109,-51.14692756,2019,5657769.336
2803,Gas_thermal,8.316,-12.89600966,-38.29053455,2019,2081405.374
2807,Gas_thermal,30.775,-22.37200005,-46.94200003,2019,9033684.081
2811,Gas_thermal,9.119,-25.58471894,-49.63612374,2019,207557.5327
2819,Gas_thermal,3.355,-23.59800967,-46.74353455,2019,984825.6732
2823,Gas_thermal,386.08,-23.69888869,-46.678611,2019,113329805
2827,Gas_thermal,4,-22.880765,-42.020075,2019,1174158.776
2839,Gas_thermal,3.646,-20.32972217,-40.29250071,2019,1070245.724
2847,Gas_thermal,322.96715,-5.3825,-36.81861111,2019,80835204.61
2851,Gas_thermal,3.1875,-9.70600966,-35.88553455,2019,797796.9732
2863,Gas_thermal,3.2,-22.89900967,-43.19853455,2019,939327.0206
2875,Gas_thermal,5.68,-5.85400966,-35.34453455,2019,1421642.92
2879,Gas_thermal,49.725,-8.26891511,-35.02454525,2019,12445632.78
2903,Gas_thermal,2.825,-23.54400967,-46.62653455,2019,829249.6354
2907,Gas_thermal,3,-22.87562536,-42.07289903,2019,880619.0818
2911,Gas_thermal,3.3,-29.91869695,-51.18103,2019,75111.29048
2915,Gas_thermal,326.601,-3.68111114,-38.86611085,2019,81744718.19
2919,Gas_thermal,220,-3.6925,-38.87166694,2019,55063634.23
2923,Gas_thermal,1.204,-23.45900967,-46.52353455,2019,353421.7915
2927,Gas_thermal,4.8,-22.93659057,-43.3793158,2019,1408990.531
2931,Gas_thermal,7.902,-22.7122887,-47.005239,2019,2319550.662
2935,Gas_thermal,10.5,-23.30100967,-45.95653455,2019,3082166.786
2939,Gas_thermal,4.98,-4.09500966,-38.48653455,2019,1246440.447
2943,Gas_thermal,9,-23.09514572,-45.82199254,2019,2641857.246
2959,Gas_thermal,4.984,-22.89972222,-43.21415704,2019,1463001.835
2977,Gas_thermal,1.2,-19.75311424,-44.8970524,2019,352247.6327
3033,Gas_thermal,4.6,-10.99405228,-37.09491709,2019,1151330.534
3037,Gas_thermal,1.2,-19.46738079,-44.15820236,2019,352247.6327
3041,Gas_thermal,4.781,-12.69881695,-38.32574,2019,1196632.887
3085,Gas_thermal,19.299,-19.94323167,-44.00609055,2019,5665022.553
3109,Gas_thermal,16.065,-22.89900967,-43.19853455,2019,4715715.183
3117,Gas_thermal,3,-26.92084646,-49.0700546,2019,68282.99135
3121,Gas_thermal,2,-21.76092389,-43.34881695,2019,587079.3879
3129,Gas_thermal,2.952,-29.951,-51.094,2019,67190.46349
3201,Gas_thermal,0.334,-29.16689889,-51.17886,2019,7602.173037
3221,Gas_thermal,1.6,-23.54400967,-46.62653455,2019,469663.5103
3289,Gas_thermal,0.1,-20.45803,-54.61574389,2019,29353.96939
3361,Gas_thermal,1.6,-22.87665194,-43.227875,2019,469663.5103
3369,Gas_thermal,4.072,-8.28986389,-35.03848889,2019,1019177.812
3433,Gas_thermal,7,-25.591645,-49.40194,2019,159326.9798
3445,Gas_thermal,2.5,-20.11438135,-44.88195018,2019,733849.2349
3465,Gas_thermal,1.2,-20.10562545,-44.90850691,2019,352247.6327
3473,Gas_thermal,75.477,-2.98156522,-60.01775678,2019,45715345.66
3641,Gas_thermal,4,-23.61155833,-46.69783889,2019,1174158.776
3645,Gas_thermal,73.4,-3.09105556,-60.07297222,2019,44457336.29
3649,Gas_thermal,8.76,-23.65751,-46.53087389,2019,2571407.719
3673,Gas_thermal,0.79,-9.51366664,-35.78510071,2019,197728.5047
3825,Gas_thermal,73.4,-2.93692633,-60.01239566,2019,44457336.29
3829,Gas_thermal,2.6,-10.90700966,-37.06253455,2019,650752.0409
4005,Gas_thermal,21,-22.521843,-44.09525678,2019,6164333.573
4017,Gas_thermal,6,-8.06276194,-34.88894194,2019,1501735.479
4089,Gas_thermal,1.063,-22.50042432,-43.22719841,2019,312032.6947
4161,Gas_thermal,5.25,-3.60563305,-38.97207611,2019,1314018.544
4197,Gas_thermal,10.22,-20.18410336,-40.24141627,2019,2999975.672
4261,Gas_thermal,0.334,-23.56267633,-46.62386789,2019,98042.25778
4341,Gas_thermal,5.25,-23.60323744,-46.68738733,2019,1541083.393
4357,Gas_thermal,3,-22.885,-43.28472222,2019,880619.0818
4385,Gas_thermal,1.3,-23.08600149,-46.95100413,2019,381601.6021
4421,Gas_thermal,4,-21.75189889,-41.33047611,2019,1174158.776
4453,Gas_thermal,1.3,-22.87602778,-43.46548611,2019,381601.6021
4457,Gas_thermal,1.75,-23.66267633,-46.65753455,2019,513694.4644
4737,Gas_thermal,1.3,-23.53156522,-46.76192344,2019,381601.6021
4917,Gas_thermal,2.2,-3.32833333,-61.20947223,2019,1332508.717
4921,Gas_thermal,3.3,-3.74927367,-61.6594783,2019,1998763.076
4925,Gas_thermal,3.3,-3.58008333,-61.40447222,2019,1998763.076
4961,Gas_thermal,0.3,-19.17462078,-44.50609011,2019,88061.90818
5117,Gas_thermal,240,-19.533906,-39.800888,2019,70449526.55
5141,Gas_thermal,1.3,-22.78525306,-43.30988805,2019,381601.6021
5273,Gas_thermal,270.467,-4.86504391,-44.35055645,2019,163818016
5277,Gas_thermal,4.655,-20.45803,-54.61574389,2019,1366427.275
5281,Gas_thermal,337.6,-26.287518,-48.878529,2019,204479519.5
5285,Gas_thermal,337.6,-19.75400967,-40.37653455,2019,204479519.5
5389,Gas_thermal,4.206,-23.56906522,-46.68803455,2019,1234627.953
5497,Gas_thermal,100,-8.38594432,-35.0300023,2019,25028924.65
5601,Gas_thermal,2.6,-8.06276194,-34.88894194,2019,650752.0409
5625,Gas_thermal,4.9,-3.68745966,-45.42803455,2019,2967860.325
5673,Gas_thermal,1,-12.35518694,-38.37629389,2019,250289.2465
5733,Gas_thermal,2.9,-9.6706812,-35.82560163,2019,725838.8148
5809,Gas_thermal,530,-22.72223022,-43.64295722,2019,155576037.8
5841,Gas_thermal,518.8,-4.82208611,-44.35470833,2019,314229782.9
5877,Gas_thermal,2.055,-23.58687115,-46.67944009,2019,603224.0711
6173,Gas_thermal,1.3,-23.5938221,-46.69095248,2019,381601.6021
6197,Gas_thermal,2.055,-23.64608966,-46.63864455,2019,603224.0711
6205,Gas_thermal,4.92,-23.64608966,-46.63864455,2019,1444215.294
6357,Gas_thermal,12.03,-22.93261982,-43.36564166,2019,3531282.518
6493,Gas_thermal,56.277,-4.81412078,-44.34364566,2019,34086178.67
6569,Gas_thermal,218,-3.58471389,-38.85593333,2019,54563055.73
6921,Gas_thermal,3.69926,-22.91919966,-43.44079455,2019,1085879.648
6953,Gas_thermal,590.75,-3.11740532,-59.92955004,2019,357808874.8
7013,Gas_thermal,1.15,-22.71638889,-47.13027778,2019,337570.648
7017,Gas_thermal,1593.199,-10.81564623,-36.93706246,2019,398760577.2
7085,Gas_thermal,28.022,-12.49978533,-38.20780299,2019,7013605.265
7125,Gas_thermal,1.2,-20.45803,-54.61574389,2019,352247.6327
7133,Gas_thermal,2,-21.18472222,-51.16611111,2019,587079.3879
7177,Gas_thermal,1.2,-21.50388889,-50.10666667,2019,352247.6327
7193,Gas_thermal,0.52,-25.57666667,-49.37305555,2019,11835.7185
7277,Gas_thermal,2,-21.81583333,-49.02333333,2019,587079.3879
7301,Gas_thermal,1.355,-22.06166667,-47.945,2019,397746.2853
7305,Gas_thermal,4.9512,-20.23140555,-43.96588889,2019,1453373.733
7577,Gas_thermal,1.1984,-23.9475,-48.48555556,2019,351777.9692
8001,Gas_thermal,1338.3,-21.83721694,-41.04198255,2019,392844172.4
8097,Gas_thermal,0.0052,-27.49722222,-48.70916666,2019,118.357185
8293,Gas_thermal,2,-23.53558651,-46.96963185,2019,587079.3879
8609,Gas_thermal,3.9,-12.74277778,-38.31027778,2019,976128.0613
9045,Gas_thermal,3.9,-25.496843,-49.16025678,2019,88767.88875
9105,Gas_thermal,3.152,-12.65077152,-38.3567934,2019,788911.7049
9113,Gas_thermal,2.4,-19.92264855,-43.94839567,2019,704495.2655
9253,Gas_thermal,2.5952,-22.84110877,-43.36922169,2019,761794.2137
9965,Gas_thermal,2.0544,-22.87884993,-43.46726478,2019,603047.9472
10073,Gas_thermal,1.6,-30.02277778,-51.20111111,2019,36417.59539
10197,Gas_thermal,2,-30.00551111,-51.18374444,2019,45521.99423
10201,Gas_thermal,4.2,-23.52657612,-46.68111342,2019,1232866.715
10205,Gas_thermal,4.6496,-23.62290278,-46.70219444,2019,1364842.161
10385,Gas_thermal,1.2,-10.8954,-37.05097222,2019,300347.0958
10593,Gas_thermal,2.0248,-23.59833333,-46.69027778,2019,594359.1723
10601,Gas_thermal,4.30008,-22.635,-43.90833333,2019,1262244.167
10649,Gas_thermal,1.8,-23.58861111,-46.68083333,2019,528371.4491
10745,Gas_thermal,0.52,-12.3216631,-38.36554485,2019,130150.4082
10853,Gas_thermal,2.68,-22.62221092,-47.50695218,2019,786686.3798
10977,Gas_thermal,2.2544,-23.94307816,-46.31684632,2019,661755.886
10981,Gas_thermal,0.0024,-23.47297779,-46.90649444,2019,704.4952655
10985,Gas_thermal,0.16,-23.02186112,-43.48622222,2019,46966.35103
11001,Gas_thermal,3.9808,-23.62731388,-46.70252565,2019,1168522.814
11013,Gas_thermal,1.12,-23.45510556,-46.40860536,2019,328764.4572
11029,Gas_thermal,1.964,-22.74119144,-43.62056431,2019,576511.9589
11053,Gas_thermal,1.426,-22.89500055,-43.186976,2019,418587.6036
11057,Gas_thermal,2.852,-22.76305258,-43.4652748,2019,837175.2071
11065,Gas_thermal,15.05,-22.70407579,-47.30742143,2019,4417772.394
11081,Gas_thermal,3.928,-22.86416845,-43.34166488,2019,1153023.918
11093,Gas_thermal,0.6,-23.63198651,-46.72273604,2019,176123.8164
11097,Gas_thermal,4.512,-23.53971389,-46.1522246,2019,1324451.099
11113,Gas_thermal,38.772,-4.15547988,-63.14960584,2019,23483649.08
11317,Gas_thermal,1.192,-23.52072222,-46.67919444,2019,349899.3152
11321,Gas_thermal,3.3,-23.6638889,-46.5383333,2019,968680.99
11349,Gas_thermal,95.2,-23.65255561,-45.49938871,2019,27944978.86
11353,Gas_thermal,24.15,-2.74384722,-58.1813,2019,14627311.6
11385,Gas_thermal,19.73,-12.86033744,-38.352079,2019,4938206.833
11389,Gas_thermal,2.601,-23.52250093,-46.83555583,2019,763496.744
11393,Gas_thermal,18.81,-19.46400967,-42.52753455,2019,5521481.643
11397,Gas_thermal,24.64,-23.63489867,-46.41525655,2019,7232818.059
11401,Gas_thermal,2.4,-19.45828694,-44.239595,2019,704495.2655
11405,Gas_thermal,0.03,-23.51100001,-46.87599998,2019,8806.190818
11409,Gas_thermal,4,-22.67124767,-43.47502001,2019,1174158.776
11413,Gas_thermal,6.94,-20.17450966,-53.78363455,2019,2037165.476
11417,Gas_thermal,2.00005,-19.525,-44.26388888,2019,587094.0649
11421,Gas_thermal,63.155,-19.49100278,-42.55484444,2019,18538499.37
11425,Gas_thermal,0.44,-22.84035474,-43.23226455,2019,129157.4653
11429,Gas_thermal,0.042,-28.57402779,-49.24259718,2019,955.9618789
11433,Gas_thermal,2,-20.13900676,-44.88399826,2019,587079.3879
11437,Gas_thermal,0.16,-25.20507222,-53.95532778,2019,3641.759539
11441,Gas_thermal,0.04,-25.13848111,-54.30500111,2019,910.4398847
11445,Gas_thermal,0.02,-25.5509942,-54.58431675,2019,455.2199423
11449,Gas_thermal,0.11,-25.04586667,-53.78357778,2019,2503.709683
11453,Gas_thermal,1.4256,-19.88444167,-44.01344444,2019,418470.1877
11457,Gas_thermal,2.4,-19.89722222,-43.88,2019,704495.2655
11461,Gas_thermal,8.8,-19.97102416,-44.2132075,2019,2583149.307
11465,Gas_thermal,10,-19.006375,-57.648985,2019,2935396.939
11469,Gas_thermal,1.5,-21.10476636,-47.81308953,2019,440309.5409
11473,Gas_thermal,12.744,-30.15078494,-52.0260286,2019,290066.1473
11477,Gas_thermal,0.08,-18.92855109,-46.99749565,2019,23483.17552
11481,Gas_thermal,0.08,-24.57956334,-54.11759842,2019,1820.879769
11485,Gas_thermal,0.08,-18.99249894,-49.54551625,2019,23483.17552
11489,Gas_thermal,10.026,-23.26589722,-52.49213889,2019,228201.7571
11493,Gas_thermal,5,-19.444,-44.338,2019,1467698.47
11497,Gas_thermal,0.424,-27.04361088,-51.09222274,2019,9650.662777
11501,Gas_thermal,0.81,-26.58758056,-52.21096111,2019,18436.40766
11505,Gas_thermal,0.848,-23.0209551,-47.02634228,2019,248921.6605
11509,Gas_thermal,4.278,-21.61871948,-43.42172415,2019,1255762.811
11513,Gas_thermal,29.547,-23.33844087,-46.77210274,2019,8673217.337
11517,Gas_thermal,5.704,-21.39215583,-47.95279195,2019,1674350.414
11521,Gas_thermal,4.624,-23.41978048,-46.75582363,2019,1357327.545
11525,Gas_thermal,5,-20.02714444,-44.94543333,2019,1467698.47
11529,Gas_thermal,9.982,-25.6602748,-49.34416369,2019,227200.2732
11533,Gas_thermal,5.704,-23.41666667,-46.95944444,2019,1674350.414
11537,Gas_thermal,5,-21.5507565,-48.52526672,2019,1467698.47
11541,Gas_thermal,20.893,-21.41896695,-48.29249667,2019,6132924.826
11545,Gas_thermal,0.12,-19.08683333,-48.73952778,2019,35224.76327
11549,Gas_thermal,7.13,-19.85033219,-43.84413919,2019,2092938.018
11553,Gas_thermal,2.4,-2.58249952,-44.09554651,2019,1453645.873
11557,Gas_thermal,0.1,-27.44405548,-53.91408331,2019,2276.099712
11561,Gas_thermal,1.2,-19.45390947,-44.22610082,2019,352247.6327
11565,Gas_thermal,0.1752,-19.20723334,-47.23021944,2019,51428.15438
11569,Gas_thermal,0.78,-12.60280935,-55.80813578,2019,228960.9613
11573,Gas_thermal,1.56,-12.36721889,-56.29749905,2019,457921.9226
11577,Gas_thermal,4.278,-22.91541667,-45.61358056,2019,1255762.811
11581,Gas_thermal,16.932,-22.67522088,-43.47745448,2019,4970214.098
11585,Gas_thermal,5.704,-7.21758333,-34.95646944,2019,1427649.862
11589,Gas_thermal,0.26,-24.23671694,-53.70384861,2019,5917.85925
11593,Gas_thermal,2.264,-26.97722222,-48.70361111,2019,51530.89747
11597,Gas_thermal,2.858,-22.785833,-43.757778,2019,838936.4453
