ID,Fuel_type,Granted_power_MW,latitude,longitude,year,Fuel_consumed_plant_GJ
2024,Gas_thermal,102.89,-20.5246084,-43.67546915,2020,26507435.51
2044,Gas_thermal,2.165,-3.57916666,-61.40555555,2020,1364585.619
2048,Gas_thermal,4.57,-3.71027777,-61.66305555,2020,2880441.699
2060,Gas_thermal,3.35,-3.71666053,-38.47283271,2020,649819.8019
2128,Gas_thermal,2.165,-3.29527777,-61.21583333,2020,1364585.619
2136,Gas_thermal,130.71,-12.68722652,-38.35256934,2020,25354610.84
2180,Gas_thermal,4.57,-3.78305559,-62.03444445,2020,2880441.699
2212,Gas_thermal,5.16,-22.786,-43.312,2020,1329365.023
2228,Gas_thermal,226,-19.99055687,-44.09838989,2020,58224126.98
2264,Gas_thermal,87.048,-21.68545367,-43.44747855,2020,22426078.79
2336,Gas_thermal,826.78,-22.29878767,-41.87303455,2020,213002405.8
2424,Gas_thermal,52,-25.56722222,-49.36666666,2020,8239334.493
2428,Gas_thermal,75.56,-23.181093,-45.818979,2020,19466438.21
2432,Gas_thermal,62.5,-12.62400966,-38.67053455,2020,12123503.77
2436,Gas_thermal,106.67,-22.72462067,-47.11886755,2020,27481272.68
2452,Gas_thermal,11,-23.76464186,-46.3745248,2020,2833917.685
2460,Gas_thermal,39.9,-23.54243609,-46.27854896,2020,10279392.33
2488,Gas_thermal,138.68,-23.29488966,-45.98104455,2020,35727973.14
2496,Gas_thermal,639.9,-29.75989867,-56.99053455,2020,101391348.9
2544,Gas_thermal,529.2,-15.596,-56.097,2020,136337203.5
2564,Gas_thermal,177.97,-22.51539722,-44.12456944,2020,45850211.86
2572,Gas_thermal,177.116,-20.54722222,-54.74972222,2020,45630196.79
2608,Gas_thermal,1000,-22.91426934,-43.76529191,2020,257628880.5
2616,Gas_thermal,166,-3.12977675,-60.03278281,2020,104628735.7
2620,Gas_thermal,185.891,-12.70378766,-38.56692355,2020,36058403.82
2624,Gas_thermal,13.08,-22.86527778,-43.61194444,2020,3369785.756
2628,Gas_thermal,63.3,-22.71444389,-43.26805611,2020,16307908.13
2644,Gas_thermal,7.7,-23.18200967,-46.87453455,2020,1983742.38
2672,Gas_thermal,484.15,-25.58830447,-49.3558616,2020,76712957.6
2696,Gas_thermal,4.95,-22.87665194,-43.227875,2020,1275262.958
2708,Gas_thermal,989.2,-22.70962067,-43.24581255,2020,254846488.6
2720,Gas_thermal,22.5,-23.63878767,-46.46664555,2020,5796649.81
2724,Gas_thermal,25,-21.71554367,-41.32853455,2020,6440722.011
2728,Gas_thermal,360,-22.72004303,-43.64687353,2020,92746396.97
2732,Gas_thermal,13.898,-22.75700967,-47.14453455,2020,3580526.181
2744,Gas_thermal,385.819,-20.74100967,-51.65414555,2020,99398117.03
2748,Gas_thermal,4.794,-3.723805,-38.58992806,2020,929921.2329
2752,Gas_thermal,2.1,-20.23669133,-40.27884324,2020,541020.649
2756,Gas_thermal,2.1,-23.45900967,-46.52353455,2020,541020.649
2760,Gas_thermal,3.84,-23.65894302,-46.72094438,2020,989294.901
2764,Gas_thermal,4.6,-29.79530569,-51.14926167,2020,728864.2052
2772,Gas_thermal,249.9,-23.87553052,-46.43182548,2020,64381457.23
2776,Gas_thermal,922.615,-22.29989867,-41.86581255,2020,237692269.5
2780,Gas_thermal,532.756,-8.39906566,-34.95692355,2020,103341910
2784,Gas_thermal,349,-8.76889194,-63.83144611,2020,89912479.28
2792,Gas_thermal,248.573,-29.87637109,-51.14692756,2020,39386078.71
2804,Gas_thermal,8.316,-12.89600966,-38.29053455,2020,1613104.917
2808,Gas_thermal,30.775,-22.37200005,-46.94200003,2020,7928528.796
2812,Gas_thermal,9.119,-25.58471894,-49.63612374,2020,1444894.062
2820,Gas_thermal,3.355,-23.59800967,-46.74353455,2020,864344.8939
2824,Gas_thermal,386.08,-23.69888869,-46.678611,2020,99465358.17
2828,Gas_thermal,4,-22.880765,-42.020075,2020,1030515.522
2840,Gas_thermal,3.646,-20.32972217,-40.29250071,2020,939314.8982
2848,Gas_thermal,322.96715,-5.3825,-36.81861111,2020,62647895.35
2852,Gas_thermal,3.1875,-9.70600966,-35.88553455,2020,618298.6921
2864,Gas_thermal,3.2,-22.89900967,-43.19853455,2020,824412.4175
2876,Gas_thermal,5.68,-5.85400966,-35.34453455,2020,1101784.022
2880,Gas_thermal,49.725,-8.26891511,-35.02454525,2020,9645459.597
2904,Gas_thermal,2.825,-23.54400967,-46.62653455,2020,727801.5873
2908,Gas_thermal,3,-22.87562536,-42.07289903,2020,772886.6414
2912,Gas_thermal,3.3,-29.91869695,-51.18103,2020,522880.8429
2916,Gas_thermal,326.601,-3.68111114,-38.86611085,2020,63352775.26
2920,Gas_thermal,220,-3.6925,-38.87166694,2020,42674733.26
2924,Gas_thermal,1.204,-23.45900967,-46.52353455,2020,310185.1721
2928,Gas_thermal,4.8,-22.93659057,-43.3793158,2020,1236618.626
2932,Gas_thermal,7.902,-22.7122887,-47.005239,2020,2035783.413
2936,Gas_thermal,10.5,-23.30100967,-45.95653455,2020,2705103.245
2940,Gas_thermal,4.98,-4.09500966,-38.48653455,2020,966000.7801
2944,Gas_thermal,9,-23.09514572,-45.82199254,2020,2318659.924
2960,Gas_thermal,4.984,-22.89972222,-43.21415704,2020,1284022.34
2978,Gas_thermal,1.2,-19.75311424,-44.8970524,2020,309154.6566
3034,Gas_thermal,4.6,-10.99405228,-37.09491709,2020,892289.8772
3038,Gas_thermal,1.2,-19.46738079,-44.15820236,2020,309154.6566
3042,Gas_thermal,4.781,-12.69881695,-38.32574,2020,927399.5441
3086,Gas_thermal,19.299,-19.94323167,-44.00609055,2020,4971979.764
3110,Gas_thermal,16.065,-22.89900967,-43.19853455,2020,4138807.965
3118,Gas_thermal,3,-26.92084646,-49.0700546,2020,475346.2208
3122,Gas_thermal,2,-21.76092389,-43.34881695,2020,515257.7609
3130,Gas_thermal,2.952,-29.951,-51.094,2020,467740.6812
3202,Gas_thermal,0.334,-29.16689889,-51.17886,2020,52921.87925
3222,Gas_thermal,1.6,-23.54400967,-46.62653455,2020,412206.2087
3290,Gas_thermal,0.1,-20.45803,-54.61574389,2020,25762.88805
3362,Gas_thermal,1.6,-22.87665194,-43.227875,2020,412206.2087
3370,Gas_thermal,4.072,-8.28986389,-35.03848889,2020,789870.5174
3434,Gas_thermal,7,-25.591645,-49.40194,2020,1109141.182
3446,Gas_thermal,2.5,-20.11438135,-44.88195018,2020,644072.2011
3466,Gas_thermal,1.2,-20.10562545,-44.90850691,2020,309154.6566
3474,Gas_thermal,75.477,-2.98156522,-60.01775678,2020,47572669.18
3642,Gas_thermal,4,-23.61155833,-46.69783889,2020,1030515.522
3646,Gas_thermal,73.4,-3.09105556,-60.07297222,2020,46263549.4
3650,Gas_thermal,8.76,-23.65751,-46.53087389,2020,2256828.993
3674,Gas_thermal,0.79,-9.51366664,-35.78510071,2020,153241.0876
3826,Gas_thermal,73.4,-2.93692633,-60.01239566,2020,46263549.4
3830,Gas_thermal,2.6,-10.90700966,-37.06253455,2020,504337.7567
4006,Gas_thermal,21,-22.521843,-44.09525678,2020,5410206.49
4018,Gas_thermal,6,-8.06276194,-34.88894194,2020,1163856.362
4090,Gas_thermal,1.063,-22.50042432,-43.22719841,2020,273859.4999
4162,Gas_thermal,5.25,-3.60563305,-38.97207611,2020,1018374.316
4198,Gas_thermal,10.22,-20.18410336,-40.24141627,2020,2632967.158
4262,Gas_thermal,0.334,-23.56267633,-46.62386789,2020,86048.04607
4342,Gas_thermal,5.25,-23.60323744,-46.68738733,2020,1352551.622
4358,Gas_thermal,3,-22.885,-43.28472222,2020,772886.6414
4386,Gas_thermal,1.3,-23.08600149,-46.95100413,2020,334917.5446
4422,Gas_thermal,4,-21.75189889,-41.33047611,2020,1030515.522
4454,Gas_thermal,1.3,-22.87602778,-43.46548611,2020,334917.5446
4458,Gas_thermal,1.75,-23.66267633,-46.65753455,2020,450850.5408
4738,Gas_thermal,1.3,-23.53156522,-46.76192344,2020,334917.5446
4918,Gas_thermal,2.2,-3.32833333,-61.20947223,2020,1386645.895
4922,Gas_thermal,3.3,-3.74927367,-61.6594783,2020,2079968.842
4926,Gas_thermal,3.3,-3.58008333,-61.40447222,2020,2079968.842
4962,Gas_thermal,0.3,-19.17462078,-44.50609011,2020,77288.66414
5118,Gas_thermal,240,-19.533906,-39.800888,2020,61830931.31
5142,Gas_thermal,1.3,-22.78525306,-43.30988805,2020,334917.5446
5274,Gas_thermal,270.467,-4.86504391,-44.35055645,2020,170473616
5278,Gas_thermal,4.655,-20.45803,-54.61574389,2020,1199262.439
5282,Gas_thermal,337.6,-26.287518,-48.878529,2020,212787115.5
5286,Gas_thermal,337.6,-19.75400967,-40.37653455,2020,212787115.5
5390,Gas_thermal,4.206,-23.56906522,-46.68803455,2020,1083587.071
5498,Gas_thermal,100,-8.38594432,-35.0300023,2020,19397606.03
5602,Gas_thermal,2.6,-8.06276194,-34.88894194,2020,504337.7567
5626,Gas_thermal,4.9,-3.68745966,-45.42803455,2020,3088438.584
5674,Gas_thermal,1,-12.35518694,-38.37629389,2020,193976.0603
5734,Gas_thermal,2.9,-9.6706812,-35.82560163,2020,562530.5748
5810,Gas_thermal,530,-22.72223022,-43.64295722,2020,136543306.6
5842,Gas_thermal,518.8,-4.82208611,-44.35470833,2020,326996313.7
5878,Gas_thermal,2.055,-23.58687115,-46.67944009,2020,529427.3493
6174,Gas_thermal,1.3,-23.5938221,-46.69095248,2020,334917.5446
6198,Gas_thermal,2.055,-23.64608966,-46.63864455,2020,529427.3493
6206,Gas_thermal,4.92,-23.64608966,-46.63864455,2020,1267534.092
6358,Gas_thermal,12.03,-22.93261982,-43.36564166,2020,3099275.432
6494,Gas_thermal,56.277,-4.81412078,-44.34364566,2020,35471032.28
6570,Gas_thermal,218,-3.58471389,-38.85593333,2020,42286781.14
6922,Gas_thermal,3.69926,-22.91919966,-43.44079455,2020,953036.2123
6954,Gas_thermal,590.75,-3.11740532,-59.92955004,2020,372345937.4
7014,Gas_thermal,1.15,-22.71638889,-47.13027778,2020,296273.2125
7018,Gas_thermal,1593.199,-10.81564623,-36.93706246,2020,309042465.2
7086,Gas_thermal,28.022,-12.49978533,-38.20780299,2020,5435597.161
7126,Gas_thermal,1.2,-20.45803,-54.61574389,2020,309154.6566
7134,Gas_thermal,2,-21.18472222,-51.16611111,2020,515257.7609
7178,Gas_thermal,1.2,-21.50388889,-50.10666667,2020,309154.6566
7194,Gas_thermal,0.52,-25.57666667,-49.37305555,2020,82393.34493
7278,Gas_thermal,2,-21.81583333,-49.02333333,2020,515257.7609
7302,Gas_thermal,1.355,-22.06166667,-47.945,2020,349087.133
7306,Gas_thermal,4.9512,-20.23140555,-43.96588889,2020,1275572.113
7578,Gas_thermal,1.1984,-23.9475,-48.48555556,2020,308742.4503
8002,Gas_thermal,1338.3,-21.83721694,-41.04198255,2020,344784730.7
8098,Gas_thermal,0.0052,-27.49722222,-48.70916666,2020,823.9334493
8294,Gas_thermal,2,-23.53558651,-46.96963185,2020,515257.7609
8610,Gas_thermal,3.9,-12.74277778,-38.31027778,2020,756506.635
9046,Gas_thermal,3.9,-25.496843,-49.16025678,2020,617950.087
9106,Gas_thermal,3.152,-12.65077152,-38.3567934,2020,611412.5419
9114,Gas_thermal,2.4,-19.92264855,-43.94839567,2020,618309.3131
9254,Gas_thermal,2.5952,-22.84110877,-43.36922169,2020,668598.4706
9966,Gas_thermal,2.0544,-22.87884993,-43.46726478,2020,529272.772
10074,Gas_thermal,1.6,-30.02277778,-51.20111111,2020,253517.9844
10198,Gas_thermal,2,-30.00551111,-51.18374444,2020,316897.4805
10202,Gas_thermal,4.2,-23.52657612,-46.68111342,2020,1082041.298
10206,Gas_thermal,4.6496,-23.62290278,-46.70219444,2020,1197871.243
10386,Gas_thermal,1.2,-10.8954,-37.05097222,2020,232771.2723
10594,Gas_thermal,2.0248,-23.59833333,-46.69027778,2020,521646.9572
10602,Gas_thermal,4.30008,-22.635,-43.90833333,2020,1107824.796
10650,Gas_thermal,1.8,-23.58861111,-46.68083333,2020,463731.9848
10746,Gas_thermal,0.52,-12.3216631,-38.36554485,2020,100867.5513
10854,Gas_thermal,2.68,-22.62221092,-47.50695218,2020,690445.3996
10978,Gas_thermal,2.2544,-23.94307816,-46.31684632,2020,580798.5481
10982,Gas_thermal,0.0024,-23.47297779,-46.90649444,2020,618.3093131
10986,Gas_thermal,0.16,-23.02186112,-43.48622222,2020,41220.62087
11002,Gas_thermal,3.9808,-23.62731388,-46.70252565,2020,1025569.047
11014,Gas_thermal,1.12,-23.45510556,-46.40860536,2020,288544.3461
11030,Gas_thermal,1.964,-22.74119144,-43.62056431,2020,505983.1212
11054,Gas_thermal,1.426,-22.89500055,-43.186976,2020,367378.7835
11058,Gas_thermal,2.852,-22.76305258,-43.4652748,2020,734757.5671
11066,Gas_thermal,15.05,-22.70407579,-47.30742143,2020,3877314.651
11082,Gas_thermal,3.928,-22.86416845,-43.34166488,2020,1011966.242
11094,Gas_thermal,0.6,-23.63198651,-46.72273604,2020,154577.3283
11098,Gas_thermal,4.512,-23.53971389,-46.1522246,2020,1162421.509
11114,Gas_thermal,38.772,-4.15547988,-63.14960584,2020,24437743.01
11318,Gas_thermal,1.192,-23.52072222,-46.67919444,2020,307093.6255
11322,Gas_thermal,3.3,-23.6638889,-46.5383333,2020,850175.3055
11350,Gas_thermal,95.2,-23.65255561,-45.49938871,2020,24526269.42
11354,Gas_thermal,24.15,-2.74384722,-58.1813,2020,15221590.16
11386,Gas_thermal,19.73,-12.86033744,-38.352079,2020,3827147.669
11390,Gas_thermal,2.601,-23.52250093,-46.83555583,2020,670092.7181
11394,Gas_thermal,18.81,-19.46400967,-42.52753455,2020,4845999.241
11398,Gas_thermal,24.64,-23.63489867,-46.41525655,2020,6347975.615
11402,Gas_thermal,2.4,-19.45828694,-44.239595,2020,618309.3131
11406,Gas_thermal,0.03,-23.51100001,-46.87599998,2020,7728.866414
11410,Gas_thermal,4,-22.67124767,-43.47502001,2020,1030515.522
11414,Gas_thermal,6.94,-20.17450966,-53.78363455,2020,1787944.43
11418,Gas_thermal,2.00005,-19.525,-44.26388888,2020,515270.6424
11422,Gas_thermal,63.155,-19.49100278,-42.55484444,2020,16270551.95
11426,Gas_thermal,0.44,-22.84035474,-43.23226455,2020,113356.7074
11430,Gas_thermal,0.042,-28.57402779,-49.24259718,2020,6654.847091
11434,Gas_thermal,2,-20.13900676,-44.88399826,2020,515257.7609
11438,Gas_thermal,0.16,-25.20507222,-53.95532778,2020,25351.79844
11442,Gas_thermal,0.04,-25.13848111,-54.30500111,2020,6337.94961
11446,Gas_thermal,0.02,-25.5509942,-54.58431675,2020,3168.974805
11450,Gas_thermal,0.11,-25.04586667,-53.78357778,2020,17429.36143
11454,Gas_thermal,1.4256,-19.88444167,-44.01344444,2020,367275.732
11458,Gas_thermal,2.4,-19.89722222,-43.88,2020,618309.3131
11462,Gas_thermal,8.8,-19.97102416,-44.2132075,2020,2267134.148
11466,Gas_thermal,10,-19.006375,-57.648985,2020,2576288.805
11470,Gas_thermal,1.5,-21.10476636,-47.81308953,2020,386443.3207
11474,Gas_thermal,12.744,-30.15078494,-52.0260286,2020,2019270.746
11478,Gas_thermal,0.08,-18.92855109,-46.99749565,2020,20610.31044
11482,Gas_thermal,0.08,-24.57956334,-54.11759842,2020,12675.89922
11486,Gas_thermal,0.08,-18.99249894,-49.54551625,2020,20610.31044
11490,Gas_thermal,10.026,-23.26589722,-52.49213889,2020,1588607.07
11494,Gas_thermal,5,-19.444,-44.338,2020,1288144.402
11498,Gas_thermal,0.424,-27.04361088,-51.09222274,2020,67182.26587
11502,Gas_thermal,0.81,-26.58758056,-52.21096111,2020,128343.4796
11506,Gas_thermal,0.848,-23.0209551,-47.02634228,2020,218469.2906
11510,Gas_thermal,4.278,-21.61871948,-43.42172415,2020,1102136.351
11514,Gas_thermal,29.547,-23.33844087,-46.77210274,2020,7612160.531
11518,Gas_thermal,5.704,-21.39215583,-47.95279195,2020,1469515.134
11522,Gas_thermal,4.624,-23.41978048,-46.75582363,2020,1191275.943
11526,Gas_thermal,5,-20.02714444,-44.94543333,2020,1288144.402
11530,Gas_thermal,9.982,-25.6602748,-49.34416369,2020,1581635.325
11534,Gas_thermal,5.704,-23.41666667,-46.95944444,2020,1469515.134
11538,Gas_thermal,5,-21.5507565,-48.52526672,2020,1288144.402
11542,Gas_thermal,20.893,-21.41896695,-48.29249667,2020,5382640.199
11546,Gas_thermal,0.12,-19.08683333,-48.73952778,2020,30915.46566
11550,Gas_thermal,7.13,-19.85033219,-43.84413919,2020,1836893.918
11554,Gas_thermal,2.4,-2.58249952,-44.09554651,2020,1512704.612
11558,Gas_thermal,0.1,-27.44405548,-53.91408331,2020,15844.87403
11562,Gas_thermal,1.2,-19.45390947,-44.22610082,2020,309154.6566
11566,Gas_thermal,0.1752,-19.20723334,-47.23021944,2020,45136.57986
11570,Gas_thermal,0.78,-12.60280935,-55.80813578,2020,200950.5268
11574,Gas_thermal,1.56,-12.36721889,-56.29749905,2020,401901.0535
11578,Gas_thermal,4.278,-22.91541667,-45.61358056,2020,1102136.351
11582,Gas_thermal,16.932,-22.67522088,-43.47745448,2020,4362172.204
11586,Gas_thermal,5.704,-7.21758333,-34.95646944,2020,1106439.448
11590,Gas_thermal,0.26,-24.23671694,-53.70384861,2020,41196.67247
11594,Gas_thermal,2.264,-26.97722222,-48.70361111,2020,358727.9479
11598,Gas_thermal,2.858,-22.785833,-43.757778,2020,736303.3404
