ID,Fuel_type,Granted_power_MW,latitude,longitude,year,Fuel_consumed_plant_GJ
1,Biomass_thermal,71,-20.48184967,-47.86622455,2017,51290348.4
5,Biomass_thermal,30,-15.03297384,-57.21052538,2017,21671978.2
9,Biomass_thermal,8.4,-20.74957275,-47.5686176,2017,6068153.895
13,Biomass_thermal,63,-21.21160967,-48.82963455,2017,45511154.21
17,Biomass_thermal,40,-22.65729996,-47.21090003,2017,28895970.93
21,Biomass_thermal,9,-21.11118967,-47.81657455,2017,6501593.459
25,Biomass_thermal,11.5,-22.79900328,-47.12506283,2017,8307591.642
29,Biomass_thermal,14,-22.58236967,-47.52161455,2017,10113589.82
33,Biomass_thermal,5.8,-22.41211192,-46.80530719,2017,4189915.784
37,Biomass_thermal,14.7,-19.9881,-47.79816,2017,10619269.32
41,Biomass_thermal,51,-22.57108967,-50.64415455,2017,36842362.93
45,Biomass_thermal,16.4,-20.77865967,-48.19187455,2017,11847348.08
49,Biomass_thermal,54,-21.18146967,-48.64470455,2017,39009560.75
53,Biomass_thermal,84,-21.76277778,-48.08388889,2017,60681538.95
57,Biomass_thermal,35,-21.17198178,-47.61886799,2017,25283974.56
61,Biomass_thermal,50,-22.99734967,-47.52019455,2017,36119963.66
65,Biomass_thermal,8,-21.32896867,-50.95548817,2017,5779194.185
69,Biomass_thermal,8,-8.55789966,-35.53499455,2017,4313524.413
73,Biomass_thermal,97,-20.61331879,-48.00080787,2017,70072729.5
77,Biomass_thermal,43,-20.93854716,-48.25026517,2017,31063168.75
81,Biomass_thermal,40.75,-22.4264,-47.3575,2017,29437770.38
85,Biomass_thermal,80.3,-22.48351967,-48.77101455,2017,58008661.64
89,Biomass_thermal,4.8,-22.81638889,-47.56805556,2017,3467516.511
93,Biomass_thermal,70,-21.88559823,-47.30533168,2017,50567949.12
97,Biomass_thermal,73,-21.35804889,-48.06558306,2017,52735146.94
101,Biomass_thermal,62.9,-22.62529358,-48.75681592,2017,45438914.28
105,Biomass_thermal,39.6,-22.17216,-47.33762,2017,28607011.22
109,Biomass_thermal,1.38,-23.23834547,-47.61332578,2017,996910.997
113,Biomass_thermal,3.8,-23.1615,-47.7832,2017,2745117.238
117,Biomass_thermal,25.2,-21.1234645,-48.00937689,2017,18204461.68
121,Biomass_thermal,12,-21.56486967,-50.95939455,2017,8668791.278
125,Biomass_thermal,11,-21.00071945,-48.02481713,2017,7946392.005
129,Biomass_thermal,3.6,-22.76160992,-47.47835995,2017,2600637.383
133,Biomass_thermal,42,-21.33718967,-48.29298455,2017,30340769.47
137,Biomass_thermal,28,-21.04088967,-48.71079455,2017,20227179.65
141,Biomass_thermal,4,-21.8318,-47.7505,2017,2889597.093
145,Biomass_thermal,35,-17.61731817,-54.76151625,2017,25283974.56
149,Biomass_thermal,7,-21.46899111,-47.00717112,2017,5056794.912
153,Biomass_thermal,14.8,-22.67166667,-48.5425,2017,10691509.24
157,Biomass_thermal,4,-21.03749824,-47.96999857,2017,2889597.093
161,Biomass_thermal,4,-21.11899966,-47.99945455,2017,2889597.093
165,Biomass_thermal,3.2,-20.96691,-40.9468,2017,2311677.674
169,Biomass_thermal,70,-21.972011,-46.796351,2017,50567949.12
173,Biomass_thermal,6.8,-21.45893584,-50.79378571,2017,4912315.058
177,Biomass_thermal,30,-22.1056,-48.4817,2017,21671978.2
181,Biomass_thermal,33,-21.00128744,-48.27609011,2017,23839176.02
185,Biomass_thermal,90,-20.47900967,-48.40153455,2017,65015934.59
189,Biomass_thermal,64.8,-20.68838,-49.11125,2017,46811472.9
193,Biomass_thermal,42.5,-21.468475,-49.22175,2017,30701969.11
197,Biomass_thermal,5,-15.92128966,-55.21499455,2017,3611996.366
201,Biomass_thermal,2.8,-15.96483818,-54.96418817,2017,2022717.965
205,Biomass_thermal,75,-21.0096722,-47.99237481,2017,54179945.49
209,Biomass_thermal,12,-21.09830805,-49.02051194,2017,8668791.278
213,Biomass_thermal,89,-20.20183,-49.35565,2017,64293535.31
217,Biomass_thermal,6,-21.40130021,-49.89350002,2017,4334395.639
221,Biomass_thermal,17,-22.74073355,-50.598509,2017,12280787.64
225,Biomass_thermal,1.6,-22.05632484,-49.32094528,2017,1155838.837
229,Biomass_thermal,4,-21.62772593,-48.83048282,2017,2889597.093
233,Biomass_thermal,1.384,-22.67514966,-49.76271455,2017,999800.5941
237,Biomass_thermal,4.87,-27.02344695,-50.92507889,2017,3558121.817
241,Biomass_thermal,4.2,-21.23071457,-50.77811977,2017,3034076.947
245,Biomass_thermal,4.968,-22.33555556,-47.40833333,2017,3588879.589
249,Biomass_thermal,38.1,-22.34972019,-52.52397291,2017,27523412.31
253,Biomass_thermal,0.65,-21.82747807,-47.24949879,2017,469559.5276
257,Biomass_thermal,75,-20.94366271,-48.08338624,2017,54179945.49
261,Biomass_thermal,3.2,-21.47666667,-46.80583333,2017,2311677.674
265,Biomass_thermal,2.76,-20.74808175,-49.71901433,2017,1993821.994
269,Biomass_thermal,2.76,-23.23833333,-47.613,2017,1993821.994
273,Biomass_thermal,22,-21.81781325,-48.61221331,2017,15892784.01
277,Biomass_thermal,4,-22.67212966,-48.81557455,2017,2889597.093
281,Biomass_thermal,1.16,-22.72372194,-47.64684611,2017,837983.1569
285,Biomass_thermal,1.25,-3.01823309,-47.37136676,2017,1809081.481
289,Biomass_thermal,0.7,-21.15500018,-47.92842991,2017,505679.4912
293,Biomass_thermal,15,-21.48777778,-51.02833333,2017,10835989.1
297,Biomass_thermal,4.2,-29.12100967,-56.54353455,2017,3068606.084
301,Biomass_thermal,2.4,-23.04944,-47.70765,2017,1733758.256
305,Biomass_thermal,78,-20.76989996,-51.25869989,2017,56347143.31
309,Biomass_thermal,3,-26.47727966,-49.15049455,2017,2191861.489
313,Biomass_thermal,25,-22.46995967,-50.77933455,2017,18059981.83
317,Biomass_thermal,1.8512,-22.60321398,-46.92949216,2017,1337305.535
321,Biomass_thermal,4.4,-21.91459057,-50.86549965,2017,3178556.802
325,Biomass_thermal,9.4,-20.82110014,-48.82270001,2017,6790553.168
329,Biomass_thermal,10,-9.50138694,-36.02142694,2017,5391905.516
333,Biomass_thermal,10,-23.37083709,-52.70887682,2017,7306204.962
337,Biomass_thermal,75,-21.09656522,-48.93353455,2017,54179945.49
341,Biomass_thermal,3.6,-22.87330621,-47.45355109,2017,2600637.383
345,Biomass_thermal,8.949,-21.19320283,-49.13722129,2017,6464751.096
349,Biomass_thermal,1.2,-22.30909996,-51.2209999,2017,866879.1278
353,Biomass_thermal,32,-20.72833333,-50.95972222,2017,23116776.74
357,Biomass_thermal,3.864,-22.6777,-49.4202,2017,2791350.792
361,Biomass_thermal,2.4,-21.19895932,-51.21635575,2017,1733758.256
365,Biomass_thermal,3.88,-23.52433367,-48.92872555,2017,2802909.18
369,Biomass_thermal,33,-22.7673489,-50.11279597,2017,23839176.02
373,Biomass_thermal,14.312,-9.98331876,-36.22781949,2017,7716895.175
377,Biomass_thermal,80.5,-21.84494932,-47.3602798,2017,58153141.49
381,Biomass_thermal,3.8,-20.57509978,-50.38439989,2017,2745117.238
385,Biomass_thermal,20,-22.94083333,-49.77,2017,14447985.46
389,Biomass_thermal,3.7,-23.50046108,-49.03805856,2017,2672877.311
393,Biomass_thermal,16.4,-20.23456566,-50.34386732,2017,11847348.08
397,Biomass_thermal,6.6,-21.9130997,-48.11468741,2017,4767835.203
401,Biomass_thermal,6.5,-22.33879999,-48.40660002,2017,4695595.276
405,Biomass_thermal,40,-23.56777222,-52.42850236,2017,29224819.85
409,Biomass_thermal,14,-22.46577992,-50.49197002,2017,10113589.82
413,Biomass_thermal,12,-21.16681229,-48.81174752,2017,8668791.278
417,Biomass_thermal,56.715,-20.27920967,-48.17553455,2017,40970874.78
421,Biomass_thermal,27.5,-22.78500529,-50.54834123,2017,19865980.01
425,Biomass_thermal,58.4,-21.56073371,-49.86998663,2017,42188117.55
429,Biomass_thermal,12,-23.12600967,-54.19243455,2017,8668791.278
433,Biomass_thermal,73.8,-21.6962,-54.55733,2017,53313066.36
437,Biomass_thermal,65,-15.21700236,-48.98868983,2017,46955952.76
441,Biomass_thermal,7.3,-15.21519999,-49.09690008,2017,5273514.694
445,Biomass_thermal,4.4,-17.8225,-50.5393,2017,3178556.802
449,Biomass_thermal,15,-17.96928201,-50.3169228,2017,10835989.1
453,Biomass_thermal,46.52,-18.07075777,-49.67077183,2017,33606014.19
457,Biomass_thermal,27.2,-13.78094966,-57.84057455,2017,19649260.23
461,Biomass_thermal,37.5,-14.75879801,-57.19577445,2017,27089972.74
465,Biomass_thermal,36,-22.87555556,-52.18083333,2017,26302337.86
469,Biomass_thermal,9,-23.40958889,-53.37387889,2017,6575584.466
473,Biomass_thermal,2.4,-23.90916666,-53.47242222,2017,1753489.191
477,Biomass_thermal,18.4,-23.87400967,-51.83653455,2017,13443417.13
481,Biomass_thermal,50,-23.27075655,-52.48755193,2017,36531024.81
485,Biomass_thermal,50.5,-23.74800967,-52.87333455,2017,36896335.06
489,Biomass_thermal,15,-23.9396111,-53.08800001,2017,10959307.44
493,Biomass_thermal,4.365,-23.69424444,-52.20846944,2017,3189158.466
497,Biomass_thermal,3.4,-23.39527666,-52.08389855,2017,2484109.687
501,Biomass_thermal,20,-23.09315441,-49.94125682,2017,14612409.92
505,Biomass_thermal,3.6,-23.68217301,-50.41424937,2017,2630233.786
509,Biomass_thermal,6,-23.15999345,-50.10409942,2017,4383722.977
513,Biomass_thermal,4,-22.88915966,-51.39313455,2017,2922481.985
517,Biomass_thermal,3.6,-23.68190967,-51.68313455,2017,2630233.786
521,Biomass_thermal,4.2,-23.07075,-47.37063,2017,3034076.947
525,Biomass_thermal,3.8,-20.30130878,-42.69056232,2017,2745117.238
529,Biomass_thermal,6.4,-21.72036753,-47.64046316,2017,4623355.348
533,Biomass_thermal,2.22,-30.33200967,-54.31053455,2017,1621977.502
537,Biomass_thermal,15,-18.87200967,-49.25243455,2017,10835989.1
541,Biomass_thermal,16.2,-22.00950967,-47.99263455,2017,11702868.23
545,Biomass_thermal,4.8,-22.79888889,-47.66111111,2017,3467516.511
549,Biomass_thermal,1.52,-22.66365,-50.21668,2017,1098046.895
553,Biomass_thermal,101.875,-19.94484195,-47.81275575,2017,73594425.96
557,Biomass_thermal,75,-22.63570967,-47.67492455,2017,54179945.49
561,Biomass_thermal,58,-21.10566967,-48.06798455,2017,41899157.84
565,Biomass_thermal,10,-21.48338225,-47.76943429,2017,7223992.732
569,Biomass_thermal,7,-21.59470567,-48.36364455,2017,5056794.912
573,Biomass_thermal,11.2,-21.57972222,-50.43166667,2017,8090871.86
577,Biomass_thermal,56.078,-22.24911111,-50.6525,2017,40510706.44
581,Biomass_thermal,16,-21.79036,-48.17444,2017,11558388.37
585,Biomass_thermal,5,-20.92946223,-48.5072133,2017,3611996.366
589,Biomass_thermal,3.04,-22.58944444,-48.77638889,2017,2196093.79
593,Biomass_thermal,23,-21.11628967,-47.95136455,2017,16615183.28
597,Biomass_thermal,63.7,-21.86566667,-51.26058333,2017,46016833.7
601,Biomass_thermal,30,-22.93118874,-51.9513959,2017,21918614.89
605,Biomass_thermal,30,-8.22388893,-35.27177774,2017,16175716.55
609,Biomass_thermal,44,-21.50855556,-49.21244444,2017,31785568.02
613,Biomass_thermal,0.302,-21.242395,-48.23506194,2017,218164.5805
617,Biomass_thermal,1.2,-22.81454306,-50.079125,2017,866879.1278
621,Biomass_thermal,54,-20.74780967,-47.42183455,2017,39009560.75
625,Biomass_thermal,4,-21.56051433,-49.8698453,2017,2889597.093
629,Biomass_thermal,5,-21.05867212,-50.46474346,2017,3611996.366
633,Biomass_thermal,1.968,-22.23870689,-48.47626309,2017,1421681.77
637,Biomass_thermal,60,-23.48905967,-48.12474455,2017,43343956.39
641,Biomass_thermal,30,-19.80914552,-48.72552628,2017,21671978.2
645,Biomass_thermal,24,-19.70461967,-50.32885455,2017,17337582.56
649,Biomass_thermal,4.8,-20.90855285,-50.41105429,2017,3467516.511
653,Biomass_thermal,28.8,-6.98690966,-35.01433455,2017,15528687.89
657,Biomass_thermal,47,-7.90577967,-35.28467455,2017,25341955.93
661,Biomass_thermal,54.938,-19.9799,-48.2645,2017,39687171.27
665,Biomass_thermal,20.5,-10.15063889,-36.542,2017,11053406.31
669,Biomass_thermal,17.2,-9.01106611,-36.05738806,2017,9274077.488
673,Biomass_thermal,12.6,-8.63692966,-35.26173455,2017,6793800.951
677,Biomass_thermal,4,-9.73915611,-35.89306889,2017,2156762.207
681,Biomass_thermal,4.4,-10.292,-36.49977778,2017,2372438.427
685,Biomass_thermal,2.4,-9.33352966,-36.15008455,2017,1294057.324
689,Biomass_thermal,8,-21.2940547,-46.81347719,2017,5779194.185
693,Biomass_thermal,4.95,-9.12085,-36.01421,2017,2668993.231
697,Biomass_thermal,3.825,-29.78250967,-55.76953455,2017,2794623.398
701,Biomass_thermal,4.032,-10.65453607,-51.41867782,2017,2912713.869
705,Biomass_thermal,40,-6.41613439,-35.0557286,2017,21567622.07
709,Biomass_thermal,26,-8.59336889,-35.116405,2017,14018954.34
713,Biomass_thermal,21,-6.22663966,-35.19802455,2017,11323001.58
717,Biomass_thermal,30,-7.41761966,-35.24413455,2017,16175716.55
721,Biomass_thermal,10,-8.34958333,-35.34802778,2017,5391905.516
725,Biomass_thermal,16,-9.49784523,-40.36593336,2017,8627048.826
729,Biomass_thermal,11.2,-8.39367685,-35.08970124,2017,6038934.178
733,Biomass_thermal,27.4,-9.28594966,-35.55658455,2017,14773821.11
737,Biomass_thermal,3,-8.76422222,-35.31622222,2017,1617571.655
741,Biomass_thermal,18,-9.88113966,-36.15073455,2017,9705429.929
745,Biomass_thermal,4.5,-21.43658795,-47.34203135,2017,3250796.729
749,Biomass_thermal,70,-21.05223466,-48.26262373,2017,50567949.12
753,Biomass_thermal,9.5,-23.34217,-52.48046,2017,6940894.714
757,Biomass_thermal,7,-22.3695325,-48.68796553,2017,5056794.912
761,Biomass_thermal,20.2,-7.55923194,-34.99837611,2017,10891649.14
765,Biomass_thermal,30,-7.35327785,-35.02966974,2017,16175716.55
769,Biomass_thermal,83,-20.66194444,-48.53388889,2017,59959139.67
773,Biomass_thermal,33,-19.34060365,-40.01046146,2017,23839176.02
777,Biomass_thermal,26.205,-7.81754966,-35.00133455,2017,14129488.41
781,Biomass_thermal,40,-19.908505,-48.69663805,2017,28895970.93
785,Biomass_thermal,46,-18.21528,-45.9907,2017,33230366.57
789,Biomass_thermal,1.6,-21.51480389,-48.40024306,2017,1155838.837
793,Biomass_thermal,30,-22.94271999,-47.60201,2017,21671978.2
797,Biomass_thermal,9.5,-9.90749805,-36.35556306,2017,5122310.24
801,Biomass_thermal,40,-23.3726,-52.905,2017,29224819.85
805,Biomass_thermal,4.2,-17.83747012,-40.18804968,2017,3034076.947
809,Biomass_thermal,4.9,-29.80335495,-55.81619412,2017,3580040.432
813,Biomass_thermal,33,-18.45735773,-39.9453552,2017,23839176.02
817,Biomass_thermal,8,-10.5061,-37.05483306,2017,4313524.413
821,Biomass_thermal,20,-15.17540966,-49.74883455,2017,14447985.46
825,Biomass_thermal,6.2,-17.27425967,-50.13953455,2017,4478875.494
829,Biomass_thermal,32,-10.12338685,-36.27422068,2017,17254097.65
833,Biomass_thermal,10,-15.34290966,-49.72003455,2017,7223992.732
837,Biomass_thermal,8,-21.63349347,-48.34211234,2017,5779194.185
841,Biomass_thermal,21.7,-17.25757778,-47.68992222,2017,15676064.23
845,Biomass_thermal,140,-21.86474991,-54.0222483,2017,101135898.2
849,Biomass_thermal,2.18,-21.91805555,-47.50694444,2017,1574830.416
853,Biomass_thermal,2.6,-20.3036956,-49.20602265,2017,1878238.11
857,Biomass_thermal,13,-23.43027212,-51.97737024,2017,9498066.451
861,Biomass_thermal,5.775,-23.54472222,-52.64555556,2017,4219333.366
865,Biomass_thermal,62,-21.1528,-49.61139999,2017,44788754.94
869,Biomass_thermal,22,-7.88777191,-35.24401822,2017,11862192.14
873,Biomass_thermal,6.4,-8.51111611,-35.37613111,2017,3450819.53
877,Biomass_thermal,5,-19.52268333,-50.66037222,2017,3611996.366
881,Biomass_thermal,80,-18.42520967,-50.44173455,2017,57791941.85
885,Biomass_thermal,53,-20.40150967,-48.99113455,2017,38287161.48
889,Biomass_thermal,16.092,-20.08255005,-48.82074995,2017,11624849.1
893,Biomass_thermal,12,-19.92249,-50.40199,2017,8668791.278
897,Biomass_thermal,4.2,-20.08729111,-51.29901023,2017,3034076.947
901,Biomass_thermal,14,-9.62667,-36.19892,2017,7548667.723
905,Biomass_thermal,3.8,-21.09963194,-48.66984194,2017,2745117.238
909,Biomass_thermal,0.36,-22.73878744,-47.56453455,2017,260063.7383
913,Biomass_thermal,40,-20.52648189,-51.23453455,2017,28895970.93
917,Biomass_thermal,2.125,-19.56994384,-46.91343166,2017,1535098.456
921,Biomass_thermal,5,-20.21832164,-47.65333365,2017,3611996.366
925,Biomass_thermal,0.52,-21.55580967,-49.85853455,2017,375647.6221
929,Biomass_thermal,6,-19.88944444,-49.68972222,2017,4334395.639
933,Biomass_thermal,24,-17.92371056,-49.18953455,2017,17337582.56
937,Biomass_thermal,4.72,-18.33715,-49.86525,2017,3409724.569
941,Biomass_thermal,4,-23.16267633,-54.38453455,2017,2889597.093
945,Biomass_thermal,15,-21.13400967,-48.96353455,2017,10835989.1
949,Biomass_thermal,35,-22.70879989,-51.77740004,2017,25571717.37
953,Biomass_thermal,12.5,-28.67100967,-55.91470122,2017,9132756.203
957,Biomass_thermal,40,-18.54617517,-50.43477906,2017,28895970.93
961,Biomass_thermal,3.2,-21.99960161,-53.42531414,2017,2311677.674
965,Biomass_thermal,9.9,-9.48615805,-35.85242194,2017,5337986.461
969,Biomass_thermal,5,-19.59847966,-48.33144455,2017,3611996.366
973,Biomass_thermal,24,-19.81176967,-50.77506455,2017,17337582.56
977,Biomass_thermal,4.64,-21.42739855,-54.35953455,2017,3351932.628
981,Biomass_thermal,1.2,-23.08722,-49.16841,2017,866879.1278
985,Biomass_thermal,30,-12.99371954,-45.50832553,2017,16175716.55
989,Biomass_thermal,2.4,-8.89747978,-35.66660981,2017,1294057.324
993,Biomass_thermal,53,-21.7971775,-49.01213105,2017,38287161.48
997,Biomass_thermal,35,-20.72628744,-50.95253455,2017,25283974.56
1001,Biomass_thermal,15.504,-20.82783,-49.76524,2017,11200078.33
1005,Biomass_thermal,40.2,-21.09992467,-49.31767555,2017,29040450.78
1009,Biomass_thermal,4.16,-22.76501111,-50.11046389,2017,3005180.976
1013,Biomass_thermal,111,-21.41380967,-48.27863455,2017,80186319.32
1017,Biomass_thermal,1.2,-10.5061,-37.05483305,2017,647028.662
1021,Biomass_thermal,70,-22.040925,-53.841939,2017,50567949.12
1025,Biomass_thermal,10,-20.59804967,-49.19000455,2017,7223992.732
1029,Biomass_thermal,17.5,-10.76470966,-37.20453455,2017,9435834.653
1033,Biomass_thermal,16,-21.38492484,-46.24766547,2017,11558388.37
1037,Biomass_thermal,30,-19.80892967,-48.72954455,2017,21671978.2
1041,Biomass_thermal,54,-19.91832766,-49.14583455,2017,39009560.75
1045,Biomass_thermal,131.3,-22.52680631,-51.49399883,2017,94851024.57
1049,Biomass_thermal,25,-8.22395412,-35.27200675,2017,13479763.79
1053,Biomass_thermal,85,-20.07091189,-45.54293604,2017,61403938.22
1057,Biomass_thermal,90,-21.51390967,-54.70183455,2017,65015934.59
1061,Biomass_thermal,25,-20.08555555,-46.04416666,2017,18059981.83
1065,Biomass_thermal,2.288,-12.72759578,-60.12825122,2017,1652849.537
1069,Biomass_thermal,56,-15.19972222,-43.88477778,2017,40454359.3
1073,Biomass_thermal,80,-21.56020309,-49.86948456,2017,57791941.85
1077,Biomass_thermal,12,-20.11378297,-49.76029594,2017,8668791.278
1081,Biomass_thermal,23.5,-4.85472222,-42.88611111,2017,12670977.96
1085,Biomass_thermal,50,-21.05089555,-50.84410833,2017,36119963.66
1089,Biomass_thermal,68,-20.58104577,-49.94241511,2017,49123150.58
1093,Biomass_thermal,12,-19.713535,-47.983625,2017,8668791.278
1097,Biomass_thermal,22,-20.86324,-50.07932,2017,15892784.01
1101,Biomass_thermal,16.5,-22.78307967,-52.70404455,2017,12055238.19
1105,Biomass_thermal,4,-29.137735,-56.557895,2017,2922481.985
1109,Biomass_thermal,4,-10.16055556,-36.34777778,2017,2156762.207
1113,Biomass_thermal,4,-23.64608966,-46.63864455,2017,2889597.093
1117,Biomass_thermal,5,-21.08611111,-49.92194444,2017,3611996.366
1121,Biomass_thermal,1.2,-20.73729241,-49.76592696,2017,866879.1278
1125,Biomass_thermal,10,-18.38361111,-52.10638889,2017,7223992.732
1129,Biomass_thermal,20,-22.29160666,-55.09379555,2017,14447985.46
1133,Biomass_thermal,60,-21.7802247,-55.57659709,2017,43343956.39
1137,Biomass_thermal,80,-18.46697222,-52.60905556,2017,57791941.85
1141,Biomass_thermal,30,-20.58104577,-49.94241511,2017,21671978.2
1145,Biomass_thermal,130,-21.46663389,-54.38280389,2017,93911905.51
1149,Biomass_thermal,2.4,-8.91268805,-35.71978111,2017,1294057.324
1153,Biomass_thermal,110,-22.12020967,-51.75683455,2017,79463920.05
1157,Biomass_thermal,130,-18.60127208,-51.1912836,2017,93911905.51
1161,Biomass_thermal,55,-20.4184,-48.2114,2017,39731960.03
1165,Biomass_thermal,15,-20.31065667,-49.58983055,2017,10835989.1
1169,Biomass_thermal,40,-18.49445411,-49.64453455,2017,28895970.93
1173,Biomass_thermal,45,-19.3468018,-48.23246258,2017,32507967.29
1177,Biomass_thermal,95,-21.85030967,-50.24723455,2017,68627930.95
1181,Biomass_thermal,79.828,-18.54354805,-53.13304694,2017,57667689.18
1185,Biomass_thermal,72.7,-17.83474389,-53.28199306,2017,52518427.16
1189,Biomass_thermal,79.828,-17.52016266,-52.03963455,2017,57667689.18
1193,Biomass_thermal,72.7,-17.72462078,-53.02192344,2017,52518427.16
1197,Biomass_thermal,105,-17.691843,-51.61553455,2017,75851923.68
1201,Biomass_thermal,55,-19.06567666,-50.36258755,2017,39731960.03
1205,Biomass_thermal,136,-22.47792063,-48.53199852,2017,98246301.15
1209,Biomass_thermal,53,-9.91639113,-36.33397207,2017,28577099.24
1213,Biomass_thermal,60,-17.06217528,-46.18358438,2017,43343956.39
1217,Biomass_thermal,60,-23.0618,-49.1264,2017,43343956.39
1221,Biomass_thermal,44,-21.64912967,-41.39566455,2017,31785568.02
1225,Biomass_thermal,1.2,-11.93767633,-55.50192344,2017,866879.1278
1229,Biomass_thermal,80,-17.33808,-49.93442389,2017,57791941.85
1233,Biomass_thermal,61.5,-18.36900967,-49.26053455,2017,44427555.3
1237,Biomass_thermal,56,-18.97306768,-49.46223519,2017,40454359.3
1241,Biomass_thermal,38,-20.48622531,-49.53904795,2017,27451172.38
1245,Biomass_thermal,12.2,-7.50838722,-34.87588028,2017,6578124.73
1249,Biomass_thermal,114,-22.61045366,-54.68484255,2017,82353517.14
1253,Biomass_thermal,80,-22.43809722,-53.57806389,2017,57791941.85
1257,Biomass_thermal,44,-21.67627753,-49.78065823,2017,31785568.02
1261,Biomass_thermal,14.09,-20.71858,-46.62199,2017,10178605.76
1265,Biomass_thermal,3.2,-26.77534806,-51.019035,2017,2337985.588
1269,Biomass_thermal,8,-21.20628744,-49.73164566,2017,5779194.185
1273,Biomass_thermal,82,-19.30230967,-47.46403455,2017,59236740.4
1277,Biomass_thermal,45,-21.98752131,-47.45007137,2017,32507967.29
1281,Biomass_thermal,10,-21.99715944,-53.42626166,2017,7223992.732
1285,Biomass_thermal,4.825,-7.65666667,-35.36083333,2017,2601594.412
1289,Biomass_thermal,4.65,-21.19722223,-51.215,2017,3359156.62
1293,Biomass_thermal,76,-23.09573189,-49.58359011,2017,54902344.76
1297,Biomass_thermal,3.2,-8.28205621,-35.03807195,2017,1725409.765
1301,Biomass_thermal,80,-21.32450477,-50.949413,2017,57791941.85
1305,Biomass_thermal,28,-17.12289764,-46.6633883,2017,20227179.65
1309,Biomass_thermal,50,-20.03608642,-50.66621362,2017,36119963.66
1313,Biomass_thermal,25,-21.10037467,-51.48213455,2017,18059981.83
1317,Biomass_thermal,71.5,-18.80008333,-52.90986667,2017,51651548.03
1321,Biomass_thermal,19,-21.08203967,-49.91196355,2017,13725586.19
1325,Biomass_thermal,30,-20.35411,-50.18183194,2017,21671978.2
1329,Biomass_thermal,2,-22.401788,-54.442125,2017,1444798.546
1333,Biomass_thermal,60,-20.35411,-50.18183194,2017,43343956.39
1337,Biomass_thermal,16,-18.75548182,-48.61297338,2017,11558388.37
1341,Biomass_thermal,1.7,0.0368379,-51.14457011,2017,2460350.815
1345,Biomass_thermal,78,-15.082836,-49.299446,2017,56347143.31
1349,Biomass_thermal,4.225,-8.6925,-35.60583333,2017,2278080.081
1353,Biomass_thermal,3.6,-23.98864966,-51.83861455,2017,2630233.786
1357,Biomass_thermal,25,-19.30737208,-50.7082536,2017,18059981.83
1361,Biomass_thermal,3.6,-8.39698694,-35.06347194,2017,1941085.986
1365,Biomass_thermal,10,-21.02856267,-49.91837655,2017,7223992.732
1369,Biomass_thermal,25,-10.46812336,-37.18153455,2017,13479763.79
1373,Biomass_thermal,5,-18.41768194,-49.22087,2017,3611996.366
1377,Biomass_thermal,74.25,-20.21872716,-47.65387803,2017,53638146.03
1381,Biomass_thermal,16.52,-22.16160967,-50.47443455,2017,11934035.99
1385,Biomass_thermal,50,-20.9101542,-51.54405681,2017,36119963.66
1389,Biomass_thermal,33,-20.47239048,-47.87488284,2017,23839176.02
1393,Biomass_thermal,11.4,-18.68305556,-48.15805555,2017,8235351.714
1397,Biomass_thermal,70,-21.17427773,-47.62998516,2017,50567949.12
1401,Biomass_thermal,1.28,-23.28194389,-47.67147305,2017,924671.0697
1405,Biomass_thermal,40,-19.34680133,-48.23220122,2017,28895970.93
1409,Biomass_thermal,21.2,-22.45413334,-53.30467222,2017,15314864.59
1413,Biomass_thermal,80,-9.19801513,-48.14333793,2017,115781214.8
1417,Biomass_thermal,16,-17.95103127,-49.88830242,2017,11558388.37
1421,Biomass_thermal,20,-19.70962076,-50.33470122,2017,14447985.46
1425,Biomass_thermal,14,-21.00234,-48.28531,2017,10113589.82
1429,Biomass_thermal,40,-21.48740967,-51.36043455,2017,28895970.93
1433,Biomass_thermal,60,-22.54628744,-51.81886789,2017,43343956.39
1437,Biomass_thermal,4.4,-21.10355006,-50.23016617,2017,3178556.802
1441,Biomass_thermal,5,-22.53129859,-47.38696185,2017,3611996.366
1445,Biomass_thermal,1.2,-28.63778,-49.24214,2017,876744.5955
1449,Biomass_thermal,15,-23.65916967,-53.39944455,2017,10959307.44
1453,Biomass_thermal,8,-10.5061,-37.05483306,2017,4313524.413
1457,Biomass_thermal,33.75,-21.30927611,-51.84714,2017,24380975.47
1461,Biomass_thermal,4.2,-18.97055555,-50.64027778,2017,3034076.947
1465,Biomass_thermal,35,-22.35041833,-48.10598657,2017,25283974.56
1469,Biomass_thermal,3.6,-20.01672593,-47.61586809,2017,2600637.383
1473,Biomass_thermal,30,-17.0637861,-46.17999994,2017,21671978.2
1477,Biomass_thermal,30,-20.93750119,-48.25277659,2017,21671978.2
1481,Biomass_thermal,16,-21.5997425,-49.54,2017,11558388.37
1485,Biomass_thermal,4.4,-4.28624954,-42.98831793,2017,6367966.815
1489,Biomass_thermal,50,-18.4411222,-49.19010049,2017,36119963.66
1493,Biomass_thermal,39.5,-21.31738213,-48.10986231,2017,28534771.29
1497,Biomass_thermal,47,-17.33041666,-50.49572222,2017,33952765.84
1501,Biomass_thermal,42,-22.85850923,-51.377479,2017,30686060.84
1505,Biomass_thermal,3,-21.511276,-51.434012,2017,2167197.82
1509,Biomass_thermal,40,-21.21184299,-48.82803455,2017,28895970.93
1513,Biomass_thermal,1.2,-17.21974194,-46.87541889,2017,866879.1278
1517,Biomass_thermal,4.6,-9.05244806,-35.39833389,2017,2480276.537
1521,Biomass_thermal,30,-22.92363213,-48.92925475,2017,21671978.2
1525,Biomass_thermal,41.4,-18.77092284,-50.22396765,2017,29907329.91
1529,Biomass_thermal,5.8,-31.7455,-52.42458057,2017,4237598.878
1533,Biomass_thermal,7,-21.77737497,-50.88740561,2017,5056794.912
1537,Biomass_thermal,62.5,-9.77704647,-36.08536859,2017,33699409.48
1541,Biomass_thermal,30,-20.08714223,-46.03991225,2017,21671978.2
1545,Biomass_thermal,34,-20.48622531,-49.53904795,2017,24561575.29
1549,Biomass_thermal,8,-20.22999598,-48.62444503,2017,5779194.185
1553,Biomass_thermal,5,-8.10962077,-35.00386788,2017,2695952.758
1557,Biomass_thermal,30,-21.7802247,-55.57659709,2017,21671978.2
1561,Biomass_thermal,55,-22.10472206,-48.48137753,2017,39731960.03
1565,Biomass_thermal,32,-17.68194022,-50.10313733,2017,23116776.74
1569,Biomass_thermal,40,-21.35236942,-51.35639419,2017,28895970.93
1573,Biomass_thermal,1.2,-30.97620861,-54.64368442,2017,876744.5955
1577,Biomass_thermal,43,-22.65241461,-51.7977138,2017,31416681.34
1581,Biomass_thermal,28,-22.33668499,-47.40838559,2017,20227179.65
1585,Biomass_thermal,51.6,-19.251694,-44.984972,2017,37275802.5
1589,Biomass_thermal,2,-22.89160244,-45.33693736,2017,1444798.546
1593,Biomass_thermal,25,-20.68855889,-49.11047972,2017,18059981.83
1597,Biomass_thermal,9.696,-12.57416597,-55.71806522,2017,7004383.353
1601,Biomass_thermal,8,-30.10144917,-53.65444417,2017,5844963.97
1605,Biomass_thermal,20,-18.35347,-49.41785,2017,14447985.46
1609,Biomass_thermal,35,-22.35041833,-48.10598657,2017,25283974.56
1613,Biomass_thermal,19.2,-6.68319366,-35.14897261,2017,10352458.59
1617,Biomass_thermal,11.3,-6.9572225,-35.13555396,2017,6092853.233
1621,Biomass_thermal,20,-17.92397222,-50.63523056,2017,14447985.46
1625,Biomass_thermal,48.5,-20.40611111,-51.02916667,2017,35036364.75
1629,Biomass_thermal,20,-21.33969444,-51.36586111,2017,14447985.46
1633,Biomass_thermal,2.8,-22.15060876,-51.0286572,2017,2022717.965
1637,Biomass_thermal,5,-4.62388889,-43.61416667,2017,7236325.926
1641,Biomass_thermal,8.5,-18.39083333,-49.20444444,2017,6140393.822
1645,Biomass_thermal,12,-15.7044,-58.1253,2017,8668791.278
1649,Biomass_thermal,11.2,-3.71751,-47.4876,2017,16209370.07
1653,Biomass_thermal,70,-21.05069444,-50.84391664,2017,50567949.12
1657,Biomass_thermal,20,-17.61775002,-50.71438891,2017,14447985.46
1661,Biomass_thermal,30,-21.09911365,-51.4082119,2017,21671978.2
1665,Biomass_thermal,5,-1.16638889,-60.23399694,2017,7236325.926
1669,Biomass_thermal,35,-18.7556961,-48.61180555,2017,25283974.56
1673,Biomass_thermal,40,-19.92416098,-49.15502841,2017,28895970.93
1677,Biomass_thermal,40,-22.32505523,-53.82117306,2017,28895970.93
1681,Biomass_thermal,4.2,-22.26463855,-54.54854528,2017,3034076.947
1685,Biomass_thermal,45,-21.34320209,-47.15591937,2017,32507967.29
1689,Biomass_thermal,15,-18.87769722,-49.26573889,2017,10835989.1
1693,Biomass_thermal,5,-22.60472222,-42.15583333,2017,3611996.366
1697,Biomass_thermal,50,-20.47805556,-47.88305556,2017,36119963.66
1701,Biomass_thermal,7.6,-22.80010833,-52.98918055,2017,5552715.771
1705,Biomass_thermal,44.5,-18.54436278,-50.43610556,2017,32146767.66
1709,Biomass_thermal,2.52,-16.29930532,-42.67888223,2017,1820446.168
1713,Biomass_thermal,53.48,-22.59451966,-47.35424455,2017,38633913.13
1717,Biomass_thermal,1.5,-1.45200966,-48.49453455,2017,2170897.778
1721,Biomass_thermal,1,-31.07475193,-50.89514418,2017,730620.4962
1725,Biomass_thermal,79.193,-26.10200967,-50.31253455,2017,57860028.96
1729,Biomass_thermal,1.8,-30.54000967,-52.51253455,2017,1315116.893
1733,Biomass_thermal,13.1,-24.21308428,-48.93110036,2017,9463430.479
1737,Biomass_thermal,2.708,-24.18662966,-48.96344455,2017,1956257.232
1741,Biomass_thermal,16,-26.25295367,-51.09025655,2017,11689927.94
1745,Biomass_thermal,4,-26.18917383,-50.36919527,2017,2922481.985
1749,Biomass_thermal,2,-26.42400967,-51.30653455,2017,1461240.992
1753,Biomass_thermal,10,-31.41267667,-53.07386755,2017,7306204.962
1757,Biomass_thermal,12.33,-25.35785919,-51.48125803,2017,9008550.719
1761,Biomass_thermal,3.5,-19.75400967,-40.37653455,2017,2528397.456
1765,Biomass_thermal,9,-3.05328438,-58.72939659,2017,13025386.67
1769,Biomass_thermal,0.55,-1.35776374,-48.48001672,2017,795995.8518
1773,Biomass_thermal,8,-4.95137694,-47.506665,2017,11578121.48
1777,Biomass_thermal,3.6,-16.61702728,-43.31903732,2017,2600637.383
1781,Biomass_thermal,1.2,-10.87797147,-51.63299291,2017,866879.1278
1785,Biomass_thermal,0.027,-23.54800716,-46.6360286,2017,19504.78038
1789,Biomass_thermal,0.027,-3.08988854,-59.96291034,2017,39076.16
1793,Biomass_thermal,4,-27.09740864,-52.65164558,2017,2922481.985
1797,Biomass_thermal,28,-27.81599991,-50.32600018,2017,20457373.89
1801,Biomass_thermal,3,-24.74875088,-53.72958088,2017,2191861.489
1805,Biomass_thermal,3.5,-26.97600967,-49.99053455,2017,2557171.737
1809,Biomass_thermal,12.2,-4.88860676,-47.39192739,2017,17656635.26
1813,Biomass_thermal,2,-10.33027747,-58.49027801,2017,1444798.546
1817,Biomass_thermal,2,-19.84400645,-44.6127613,2017,1444798.546
1821,Biomass_thermal,3.15,-26.2380277,-49.48341092,2017,2301454.563
1825,Biomass_thermal,3,-26.25000967,-49.50853455,2017,2191861.489
1829,Biomass_thermal,10,-26.92934267,-51.79053455,2017,7306204.962
1833,Biomass_thermal,24,-12.01015804,-60.69396546,2017,17337582.56
1837,Biomass_thermal,1.2,-26.77090049,-52.19133536,2017,876744.5955
1841,Biomass_thermal,9,-24.532358,-49.941331,2017,6575584.466
1845,Biomass_thermal,4.997,-19.69431417,-44.925735,2017,3609829.168
1849,Biomass_thermal,32.5,-17.29406389,-53.27670278,2017,23477976.38
1853,Biomass_thermal,5,-24.9561666,-50.10949999,2017,3653102.481
1857,Biomass_thermal,6.4,-25.44295411,-51.64525678,2017,4675971.176
1861,Biomass_thermal,1.275,-10.19666657,-59.44777782,2017,921059.0733
1865,Biomass_thermal,13.6,-25.54332393,-49.37207557,2017,9936438.749
1869,Biomass_thermal,4.7,-27.11656522,-51.22331233,2017,3433916.332
1873,Biomass_thermal,8,-15.55229389,-54.30005305,2017,5779194.185
1877,Biomass_thermal,5,-15.42120966,-49.73435455,2017,3611996.366
1881,Biomass_thermal,1,-16.32942036,-46.89538499,2017,722399.2732
1885,Biomass_thermal,0.06,-1.69073694,-50.480895,2017,86835.91111
1889,Biomass_thermal,25,-18.84829578,-48.27653455,2017,18059981.83
1893,Biomass_thermal,0.8,-1.29420149,-48.47334687,2017,1157812.148
1897,Biomass_thermal,30,-10.18548889,-59.46033233,2017,21671978.2
1901,Biomass_thermal,1.5,-9.92663788,-59.92025407,2017,1083598.91
1905,Biomass_thermal,16.79,-12.76746359,-38.48150825,2017,9053009.362
1909,Biomass_thermal,6,-20.79778232,-51.63182534,2017,4334395.639
1913,Biomass_thermal,0.4,-1.34922222,-48.35319444,2017,578906.0741
1917,Biomass_thermal,4.8,-19.46685421,-44.29665437,2017,3467516.511
1921,Biomass_thermal,3,-9.84295282,-57.8184758,2017,2167197.82
1925,Biomass_thermal,2,-9.45790389,-59.21894889,2017,1444798.546
1929,Biomass_thermal,20,-3.01820083,-47.3708002,2017,28945303.7
1933,Biomass_thermal,1.2,-27.00156522,-49.36386789,2017,876744.5955
1937,Biomass_thermal,3,-20.00844444,-44.59738889,2017,2167197.82
1941,Biomass_thermal,0.015,-30.37500034,-54.34638632,2017,10959.30744
1945,Biomass_thermal,30,-13.00154722,-55.94617777,2017,21671978.2
1949,Biomass_thermal,11.5,-10.60711019,-48.37341185,2017,16643549.63
1953,Biomass_thermal,50,-20.38388889,-51.42583333,2017,36119963.66
1957,Biomass_thermal,7,-27.67388889,-52.28750001,2017,5114343.474
1961,Biomass_thermal,4.5,-23.21211665,-47.57551421,2017,3250796.729
1965,Biomass_thermal,8.95,-18.86196032,-48.27768135,2017,6465473.495
1969,Biomass_thermal,3.1,-27.54523987,-51.17473314,2017,2264923.538
1973,Biomass_thermal,2.7,-22.8292243,-43.34016118,2017,1950478.038
1977,Biomass_thermal,3.15,-21.30539781,-49.04313591,2017,2275557.711
1981,Biomass_thermal,14.3,-27.31935745,-50.50938587,2017,10447873.1
1985,Biomass_thermal,3,-16.35027779,-47.54916665,2017,2167197.82
1989,Biomass_thermal,42.3,-12.01685522,-55.51275778,2017,30557489.26
1993,Biomass_thermal,30,-29.87055556,-51.399,2017,21918614.89
1997,Biomass_thermal,3.7,-28.7324869,-50.1184569,2017,2703295.836
2001,Biomass_thermal,3.2,-24.11881669,-49.46914169,2017,2337985.588
2005,Biomass_thermal,22.36,-13.77691666,-56.05272222,2017,16152847.75
2009,Biomass_thermal,1.6,-15.30908617,-41.93951117,2017,1155838.837
2013,Biomass_thermal,5.5,-28.41777778,-53.90972222,2017,4018412.729
2017,Biomass_thermal,3,-1.25229444,-47.92640834,2017,4341795.555
