ID,Fuel_type,Granted_power_MW,latitude,longitude,year,Fuel_consumed_plant_GJ
2,Biomass_thermal,71,-20.48184967,-47.86622455,2018,52793056.75
6,Biomass_thermal,30,-15.03297384,-57.21052538,2018,22306925.39
10,Biomass_thermal,8.4,-20.74957275,-47.5686176,2018,6245939.109
14,Biomass_thermal,63,-21.21160967,-48.82963455,2018,46844543.32
18,Biomass_thermal,40,-22.65729996,-47.21090003,2018,29742567.18
22,Biomass_thermal,9,-21.11118967,-47.81657455,2018,6692077.616
26,Biomass_thermal,11.5,-22.79900328,-47.12506283,2018,8550988.066
30,Biomass_thermal,14,-22.58236967,-47.52161455,2018,10409898.51
34,Biomass_thermal,5.8,-22.41211192,-46.80530719,2018,4312672.242
38,Biomass_thermal,14.7,-19.9881,-47.79816,2018,10930393.44
42,Biomass_thermal,51,-22.57108967,-50.64415455,2018,37921773.16
46,Biomass_thermal,16.4,-20.77865967,-48.19187455,2018,12194452.55
50,Biomass_thermal,54,-21.18146967,-48.64470455,2018,40152465.7
54,Biomass_thermal,84,-21.76277778,-48.08388889,2018,62459391.09
58,Biomass_thermal,35,-21.17198178,-47.61886799,2018,26024746.29
62,Biomass_thermal,50,-22.99734967,-47.52019455,2018,37178208.98
66,Biomass_thermal,8,-21.32896867,-50.95548817,2018,5948513.437
70,Biomass_thermal,8,-8.55789966,-35.53499455,2018,4644150.917
74,Biomass_thermal,97,-20.61331879,-48.00080787,2018,72125725.42
78,Biomass_thermal,43,-20.93854716,-48.25026517,2018,31973259.72
82,Biomass_thermal,40.75,-22.4264,-47.3575,2018,30300240.32
86,Biomass_thermal,80.3,-22.48351967,-48.77101455,2018,59708203.62
90,Biomass_thermal,4.8,-22.81638889,-47.56805556,2018,3569108.062
94,Biomass_thermal,70,-21.88559823,-47.30533168,2018,52049492.57
98,Biomass_thermal,73,-21.35804889,-48.06558306,2018,54280185.11
102,Biomass_thermal,62.9,-22.62529358,-48.75681592,2018,46770186.9
106,Biomass_thermal,39.6,-22.17216,-47.33762,2018,29445141.51
110,Biomass_thermal,1.38,-23.23834547,-47.61332578,2018,1026118.568
114,Biomass_thermal,3.8,-23.1615,-47.7832,2018,2825543.883
118,Biomass_thermal,25.2,-21.1234645,-48.00937689,2018,18737817.33
122,Biomass_thermal,12,-21.56486967,-50.95939455,2018,8922770.155
126,Biomass_thermal,11,-21.00071945,-48.02481713,2018,8179205.976
130,Biomass_thermal,3.6,-22.76160992,-47.47835995,2018,2676831.047
134,Biomass_thermal,42,-21.33718967,-48.29298455,2018,31229695.54
138,Biomass_thermal,28,-21.04088967,-48.71079455,2018,20819797.03
142,Biomass_thermal,4,-21.8318,-47.7505,2018,2974256.718
146,Biomass_thermal,35,-17.61731817,-54.76151625,2018,26024746.29
150,Biomass_thermal,7,-21.46899111,-47.00717112,2018,5204949.257
154,Biomass_thermal,14.8,-22.67166667,-48.5425,2018,11004749.86
158,Biomass_thermal,4,-21.03749824,-47.96999857,2018,2974256.718
162,Biomass_thermal,4,-21.11899966,-47.99945455,2018,2974256.718
166,Biomass_thermal,3.2,-20.96691,-40.9468,2018,2379405.375
170,Biomass_thermal,70,-21.972011,-46.796351,2018,52049492.57
174,Biomass_thermal,6.8,-21.45893584,-50.79378571,2018,5056236.421
178,Biomass_thermal,30,-22.1056,-48.4817,2018,22306925.39
182,Biomass_thermal,33,-21.00128744,-48.27609011,2018,24537617.93
186,Biomass_thermal,90,-20.47900967,-48.40153455,2018,66920776.16
190,Biomass_thermal,64.8,-20.68838,-49.11125,2018,48182958.84
194,Biomass_thermal,42.5,-21.468475,-49.22175,2018,31601477.63
198,Biomass_thermal,5,-15.92128966,-55.21499455,2018,3717820.898
202,Biomass_thermal,2.8,-15.96483818,-54.96418817,2018,2081979.703
206,Biomass_thermal,75,-21.0096722,-47.99237481,2018,55767313.47
210,Biomass_thermal,12,-21.09830805,-49.02051194,2018,8922770.155
214,Biomass_thermal,89,-20.20183,-49.35565,2018,66177211.99
218,Biomass_thermal,6,-21.40130021,-49.89350002,2018,4461385.078
222,Biomass_thermal,17,-22.74073355,-50.598509,2018,12640591.05
226,Biomass_thermal,1.6,-22.05632484,-49.32094528,2018,1189702.687
230,Biomass_thermal,4,-21.62772593,-48.83048282,2018,2974256.718
234,Biomass_thermal,1.384,-22.67514966,-49.76271455,2018,1029092.825
238,Biomass_thermal,4.87,-27.02344695,-50.92507889,2018,3878879.068
242,Biomass_thermal,4.2,-21.23071457,-50.77811977,2018,3122969.554
246,Biomass_thermal,4.968,-22.33555556,-47.40833333,2018,3694026.844
250,Biomass_thermal,38.1,-22.34972019,-52.52397291,2018,28329795.24
254,Biomass_thermal,0.65,-21.82747807,-47.24949879,2018,483316.7167
258,Biomass_thermal,75,-20.94366271,-48.08338624,2018,55767313.47
262,Biomass_thermal,3.2,-21.47666667,-46.80583333,2018,2379405.375
266,Biomass_thermal,2.76,-20.74808175,-49.71901433,2018,2052237.136
270,Biomass_thermal,2.76,-23.23833333,-47.613,2018,2052237.136
274,Biomass_thermal,22,-21.81781325,-48.61221331,2018,16358411.95
278,Biomass_thermal,4,-22.67212966,-48.81557455,2018,2974256.718
282,Biomass_thermal,1.16,-22.72372194,-47.64684611,2018,862534.4483
286,Biomass_thermal,1.25,-3.01823309,-47.37136676,2018,1489114.972
290,Biomass_thermal,0.7,-21.15500018,-47.92842991,2018,520494.9257
294,Biomass_thermal,15,-21.48777778,-51.02833333,2018,11153462.69
298,Biomass_thermal,4.2,-29.12100967,-56.54353455,2018,3345234.514
302,Biomass_thermal,2.4,-23.04944,-47.70765,2018,1784554.031
306,Biomass_thermal,78,-20.76989996,-51.25869989,2018,57998006.01
310,Biomass_thermal,3,-26.47727966,-49.15049455,2018,2389453.225
314,Biomass_thermal,25,-22.46995967,-50.77933455,2018,18589104.49
318,Biomass_thermal,1.8512,-22.60321398,-46.92949216,2018,1376486.009
322,Biomass_thermal,4.4,-21.91459057,-50.86549965,2018,3271682.39
326,Biomass_thermal,9.4,-20.82110014,-48.82270001,2018,6989503.288
330,Biomass_thermal,10,-9.50138694,-36.02142694,2018,5805188.647
334,Biomass_thermal,10,-23.37083709,-52.70887682,2018,7964844.082
338,Biomass_thermal,75,-21.09656522,-48.93353455,2018,55767313.47
342,Biomass_thermal,3.6,-22.87330621,-47.45355109,2018,2676831.047
346,Biomass_thermal,8.949,-21.19320283,-49.13722129,2018,6654155.843
350,Biomass_thermal,1.2,-22.30909996,-51.2209999,2018,892277.0155
354,Biomass_thermal,32,-20.72833333,-50.95972222,2018,23794053.75
358,Biomass_thermal,3.864,-22.6777,-49.4202,2018,2873131.99
362,Biomass_thermal,2.4,-21.19895932,-51.21635575,2018,1784554.031
366,Biomass_thermal,3.88,-23.52433367,-48.92872555,2018,2885029.017
370,Biomass_thermal,33,-22.7673489,-50.11279597,2018,24537617.93
374,Biomass_thermal,14.312,-9.98331876,-36.22781949,2018,8308385.991
378,Biomass_thermal,80.5,-21.84494932,-47.3602798,2018,59856916.46
382,Biomass_thermal,3.8,-20.57509978,-50.38439989,2018,2825543.883
386,Biomass_thermal,20,-22.94083333,-49.77,2018,14871283.59
390,Biomass_thermal,3.7,-23.50046108,-49.03805856,2018,2751187.465
394,Biomass_thermal,16.4,-20.23456566,-50.34386732,2018,12194452.55
398,Biomass_thermal,6.6,-21.9130997,-48.11468741,2018,4907523.585
402,Biomass_thermal,6.5,-22.33879999,-48.40660002,2018,4833167.167
406,Biomass_thermal,40,-23.56777222,-52.42850236,2018,31859376.33
410,Biomass_thermal,14,-22.46577992,-50.49197002,2018,10409898.51
414,Biomass_thermal,12,-21.16681229,-48.81174752,2018,8922770.155
418,Biomass_thermal,56.715,-20.27920967,-48.17553455,2018,42171242.45
422,Biomass_thermal,27.5,-22.78500529,-50.54834123,2018,20448014.94
426,Biomass_thermal,58.4,-21.56073371,-49.86998663,2018,43424148.09
430,Biomass_thermal,12,-23.12600967,-54.19243455,2018,8922770.155
434,Biomass_thermal,73.8,-21.6962,-54.55733,2018,54875036.46
438,Biomass_thermal,65,-15.21700236,-48.98868983,2018,48331671.67
442,Biomass_thermal,7.3,-15.21519999,-49.09690008,2018,5428018.511
446,Biomass_thermal,4.4,-17.8225,-50.5393,2018,3271682.39
450,Biomass_thermal,15,-17.96928201,-50.3169228,2018,11153462.69
454,Biomass_thermal,46.52,-18.07075777,-49.67077183,2018,34590605.64
458,Biomass_thermal,27.2,-13.78094966,-57.84057455,2018,20224945.69
462,Biomass_thermal,37.5,-14.75879801,-57.19577445,2018,27883656.74
466,Biomass_thermal,36,-22.87555556,-52.18083333,2018,28673438.69
470,Biomass_thermal,9,-23.40958889,-53.37387889,2018,7168359.674
474,Biomass_thermal,2.4,-23.90916666,-53.47242222,2018,1911562.58
478,Biomass_thermal,18.4,-23.87400967,-51.83653455,2018,14655313.11
482,Biomass_thermal,50,-23.27075655,-52.48755193,2018,39824220.41
486,Biomass_thermal,50.5,-23.74800967,-52.87333455,2018,40222462.61
490,Biomass_thermal,15,-23.9396111,-53.08800001,2018,11947266.12
494,Biomass_thermal,4.365,-23.69424444,-52.20846944,2018,3476654.442
498,Biomass_thermal,3.4,-23.39527666,-52.08389855,2018,2708046.988
502,Biomass_thermal,20,-23.09315441,-49.94125682,2018,15929688.16
506,Biomass_thermal,3.6,-23.68217301,-50.41424937,2018,2867343.869
510,Biomass_thermal,6,-23.15999345,-50.10409942,2018,4778906.449
514,Biomass_thermal,4,-22.88915966,-51.39313455,2018,3185937.633
518,Biomass_thermal,3.6,-23.68190967,-51.68313455,2018,2867343.869
522,Biomass_thermal,4.2,-23.07075,-47.37063,2018,3122969.554
526,Biomass_thermal,3.8,-20.30130878,-42.69056232,2018,2825543.883
530,Biomass_thermal,6.4,-21.72036753,-47.64046316,2018,4758810.75
534,Biomass_thermal,2.22,-30.33200967,-54.31053455,2018,1768195.386
538,Biomass_thermal,15,-18.87200967,-49.25243455,2018,11153462.69
542,Biomass_thermal,16.2,-22.00950967,-47.99263455,2018,12045739.71
546,Biomass_thermal,4.8,-22.79888889,-47.66111111,2018,3569108.062
550,Biomass_thermal,1.52,-22.66365,-50.21668,2018,1130217.553
554,Biomass_thermal,101.875,-19.94484195,-47.81275575,2018,75750600.8
558,Biomass_thermal,75,-22.63570967,-47.67492455,2018,55767313.47
562,Biomass_thermal,58,-21.10566967,-48.06798455,2018,43126722.42
566,Biomass_thermal,10,-21.48338225,-47.76943429,2018,7435641.796
570,Biomass_thermal,7,-21.59470567,-48.36364455,2018,5204949.257
574,Biomass_thermal,11.2,-21.57972222,-50.43166667,2018,8327918.812
578,Biomass_thermal,56.078,-22.24911111,-50.6525,2018,41697592.06
582,Biomass_thermal,16,-21.79036,-48.17444,2018,11897026.87
586,Biomass_thermal,5,-20.92946223,-48.5072133,2018,3717820.898
590,Biomass_thermal,3.04,-22.58944444,-48.77638889,2018,2260435.106
594,Biomass_thermal,23,-21.11628967,-47.95136455,2018,17101976.13
598,Biomass_thermal,63.7,-21.86566667,-51.26058333,2018,47365038.24
602,Biomass_thermal,30,-22.93118874,-51.9513959,2018,23894532.25
606,Biomass_thermal,30,-8.22388893,-35.27177774,2018,17415565.94
610,Biomass_thermal,44,-21.50855556,-49.21244444,2018,32716823.9
614,Biomass_thermal,0.302,-21.242395,-48.23506194,2018,224556.3822
618,Biomass_thermal,1.2,-22.81454306,-50.079125,2018,892277.0155
622,Biomass_thermal,54,-20.74780967,-47.42183455,2018,40152465.7
626,Biomass_thermal,4,-21.56051433,-49.8698453,2018,2974256.718
630,Biomass_thermal,5,-21.05867212,-50.46474346,2018,3717820.898
634,Biomass_thermal,1.968,-22.23870689,-48.47626309,2018,1463334.305
638,Biomass_thermal,60,-23.48905967,-48.12474455,2018,44613850.78
642,Biomass_thermal,30,-19.80914552,-48.72552628,2018,22306925.39
646,Biomass_thermal,24,-19.70461967,-50.32885455,2018,17845540.31
650,Biomass_thermal,4.8,-20.90855285,-50.41105429,2018,3569108.062
654,Biomass_thermal,28.8,-6.98690966,-35.01433455,2018,16718943.3
658,Biomass_thermal,47,-7.90577967,-35.28467455,2018,27284386.64
662,Biomass_thermal,54.938,-19.9799,-48.2645,2018,40849928.9
666,Biomass_thermal,20.5,-10.15063889,-36.542,2018,11900636.73
670,Biomass_thermal,17.2,-9.01106611,-36.05738806,2018,9984924.472
674,Biomass_thermal,12.6,-8.63692966,-35.26173455,2018,7314537.695
678,Biomass_thermal,4,-9.73915611,-35.89306889,2018,2322075.459
682,Biomass_thermal,4.4,-10.292,-36.49977778,2018,2554283.005
686,Biomass_thermal,2.4,-9.33352966,-36.15008455,2018,1393245.275
690,Biomass_thermal,8,-21.2940547,-46.81347719,2018,5948513.437
694,Biomass_thermal,4.95,-9.12085,-36.01421,2018,2873568.38
698,Biomass_thermal,3.825,-29.78250967,-55.76953455,2018,3046552.861
702,Biomass_thermal,4.032,-10.65453607,-51.41867782,2018,2998050.772
706,Biomass_thermal,40,-6.41613439,-35.0557286,2018,23220754.59
710,Biomass_thermal,26,-8.59336889,-35.116405,2018,15093490.48
714,Biomass_thermal,21,-6.22663966,-35.19802455,2018,12190896.16
718,Biomass_thermal,30,-7.41761966,-35.24413455,2018,17415565.94
722,Biomass_thermal,10,-8.34958333,-35.34802778,2018,5805188.647
726,Biomass_thermal,16,-9.49784523,-40.36593336,2018,9288301.835
730,Biomass_thermal,11.2,-8.39367685,-35.08970124,2018,6501811.284
734,Biomass_thermal,27.4,-9.28594966,-35.55658455,2018,15906216.89
738,Biomass_thermal,3,-8.76422222,-35.31622222,2018,1741556.594
742,Biomass_thermal,18,-9.88113966,-36.15073455,2018,10449339.56
746,Biomass_thermal,4.5,-21.43658795,-47.34203135,2018,3346038.808
750,Biomass_thermal,70,-21.05223466,-48.26262373,2018,52049492.57
754,Biomass_thermal,9.5,-23.34217,-52.48046,2018,7566601.878
758,Biomass_thermal,7,-22.3695325,-48.68796553,2018,5204949.257
762,Biomass_thermal,20.2,-7.55923194,-34.99837611,2018,11726481.07
766,Biomass_thermal,30,-7.35327785,-35.02966974,2018,17415565.94
770,Biomass_thermal,83,-20.66194444,-48.53388889,2018,61715826.91
774,Biomass_thermal,33,-19.34060365,-40.01046146,2018,24537617.93
778,Biomass_thermal,26.205,-7.81754966,-35.00133455,2018,15212496.85
782,Biomass_thermal,40,-19.908505,-48.69663805,2018,29742567.18
786,Biomass_thermal,46,-18.21528,-45.9907,2018,34203952.26
790,Biomass_thermal,1.6,-21.51480389,-48.40024306,2018,1189702.687
794,Biomass_thermal,30,-22.94271999,-47.60201,2018,22306925.39
798,Biomass_thermal,9.5,-9.90749805,-36.35556306,2018,5514929.214
802,Biomass_thermal,40,-23.3726,-52.905,2018,31859376.33
806,Biomass_thermal,4.2,-17.83747012,-40.18804968,2018,3122969.554
810,Biomass_thermal,4.9,-29.80335495,-55.81619412,2018,3902773.6
814,Biomass_thermal,33,-18.45735773,-39.9453552,2018,24537617.93
818,Biomass_thermal,8,-10.5061,-37.05483306,2018,4644150.917
822,Biomass_thermal,20,-15.17540966,-49.74883455,2018,14871283.59
826,Biomass_thermal,6.2,-17.27425967,-50.13953455,2018,4610097.914
830,Biomass_thermal,32,-10.12338685,-36.27422068,2018,18576603.67
834,Biomass_thermal,10,-15.34290966,-49.72003455,2018,7435641.796
838,Biomass_thermal,8,-21.63349347,-48.34211234,2018,5948513.437
842,Biomass_thermal,21.7,-17.25757778,-47.68992222,2018,16135342.7
846,Biomass_thermal,140,-21.86474991,-54.0222483,2018,104098985.1
850,Biomass_thermal,2.18,-21.91805555,-47.50694444,2018,1620969.912
854,Biomass_thermal,2.6,-20.3036956,-49.20602265,2018,1933266.867
858,Biomass_thermal,13,-23.43027212,-51.97737024,2018,10354297.31
862,Biomass_thermal,5.775,-23.54472222,-52.64555556,2018,4599697.457
866,Biomass_thermal,62,-21.1528,-49.61139999,2018,46100979.14
870,Biomass_thermal,22,-7.88777191,-35.24401822,2018,12771415.02
874,Biomass_thermal,6.4,-8.51111611,-35.37613111,2018,3715320.734
878,Biomass_thermal,5,-19.52268333,-50.66037222,2018,3717820.898
882,Biomass_thermal,80,-18.42520967,-50.44173455,2018,59485134.37
886,Biomass_thermal,53,-20.40150967,-48.99113455,2018,39408901.52
890,Biomass_thermal,16.092,-20.08255005,-48.82074995,2018,11965434.78
894,Biomass_thermal,12,-19.92249,-50.40199,2018,8922770.155
898,Biomass_thermal,4.2,-20.08729111,-51.29901023,2018,3122969.554
902,Biomass_thermal,14,-9.62667,-36.19892,2018,8127264.105
906,Biomass_thermal,3.8,-21.09963194,-48.66984194,2018,2825543.883
910,Biomass_thermal,0.36,-22.73878744,-47.56453455,2018,267683.1047
914,Biomass_thermal,40,-20.52648189,-51.23453455,2018,29742567.18
918,Biomass_thermal,2.125,-19.56994384,-46.91343166,2018,1580073.882
922,Biomass_thermal,5,-20.21832164,-47.65333365,2018,3717820.898
926,Biomass_thermal,0.52,-21.55580967,-49.85853455,2018,386653.3734
930,Biomass_thermal,6,-19.88944444,-49.68972222,2018,4461385.078
934,Biomass_thermal,24,-17.92371056,-49.18953455,2018,17845540.31
938,Biomass_thermal,4.72,-18.33715,-49.86525,2018,3509622.928
942,Biomass_thermal,4,-23.16267633,-54.38453455,2018,2974256.718
946,Biomass_thermal,15,-21.13400967,-48.96353455,2018,11153462.69
950,Biomass_thermal,35,-22.70879989,-51.77740004,2018,27876954.29
954,Biomass_thermal,12.5,-28.67100967,-55.91470122,2018,9956055.102
958,Biomass_thermal,40,-18.54617517,-50.43477906,2018,29742567.18
962,Biomass_thermal,3.2,-21.99960161,-53.42531414,2018,2379405.375
966,Biomass_thermal,9.9,-9.48615805,-35.85242194,2018,5747136.76
970,Biomass_thermal,5,-19.59847966,-48.33144455,2018,3717820.898
974,Biomass_thermal,24,-19.81176967,-50.77506455,2018,17845540.31
978,Biomass_thermal,4.64,-21.42739855,-54.35953455,2018,3450137.793
982,Biomass_thermal,1.2,-23.08722,-49.16841,2018,892277.0155
986,Biomass_thermal,30,-12.99371954,-45.50832553,2018,17415565.94
990,Biomass_thermal,2.4,-8.89747978,-35.66660981,2018,1393245.275
994,Biomass_thermal,53,-21.7971775,-49.01213105,2018,39408901.52
998,Biomass_thermal,35,-20.72628744,-50.95253455,2018,26024746.29
1002,Biomass_thermal,15.504,-20.82783,-49.76524,2018,11528219.04
1006,Biomass_thermal,40.2,-21.09992467,-49.31767555,2018,29891280.02
1010,Biomass_thermal,4.16,-22.76501111,-50.11046389,2018,3093226.987
1014,Biomass_thermal,111,-21.41380967,-48.27863455,2018,82535623.94
1018,Biomass_thermal,1.2,-10.5061,-37.05483305,2018,696622.6376
1022,Biomass_thermal,70,-22.040925,-53.841939,2018,52049492.57
1026,Biomass_thermal,10,-20.59804967,-49.19000455,2018,7435641.796
1030,Biomass_thermal,17.5,-10.76470966,-37.20453455,2018,10159080.13
1034,Biomass_thermal,16,-21.38492484,-46.24766547,2018,11897026.87
1038,Biomass_thermal,30,-19.80892967,-48.72954455,2018,22306925.39
1042,Biomass_thermal,54,-19.91832766,-49.14583455,2018,40152465.7
1046,Biomass_thermal,131.3,-22.52680631,-51.49399883,2018,97629976.78
1050,Biomass_thermal,25,-8.22395412,-35.27200675,2018,14512971.62
1054,Biomass_thermal,85,-20.07091189,-45.54293604,2018,63202955.27
1058,Biomass_thermal,90,-21.51390967,-54.70183455,2018,66920776.16
1062,Biomass_thermal,25,-20.08555555,-46.04416666,2018,18589104.49
1066,Biomass_thermal,2.288,-12.72759578,-60.12825122,2018,1701274.843
1070,Biomass_thermal,56,-15.19972222,-43.88477778,2018,41639594.06
1074,Biomass_thermal,80,-21.56020309,-49.86948456,2018,59485134.37
1078,Biomass_thermal,12,-20.11378297,-49.76029594,2018,8922770.155
1082,Biomass_thermal,23.5,-4.85472222,-42.88611111,2018,13642193.32
1086,Biomass_thermal,50,-21.05089555,-50.84410833,2018,37178208.98
1090,Biomass_thermal,68,-20.58104577,-49.94241511,2018,50562364.21
1094,Biomass_thermal,12,-19.713535,-47.983625,2018,8922770.155
1098,Biomass_thermal,22,-20.86324,-50.07932,2018,16358411.95
1102,Biomass_thermal,16.5,-22.78307967,-52.70404455,2018,13141992.74
1106,Biomass_thermal,4,-29.137735,-56.557895,2018,3185937.633
1110,Biomass_thermal,4,-10.16055556,-36.34777778,2018,2322075.459
1114,Biomass_thermal,4,-23.64608966,-46.63864455,2018,2974256.718
1118,Biomass_thermal,5,-21.08611111,-49.92194444,2018,3717820.898
1122,Biomass_thermal,1.2,-20.73729241,-49.76592696,2018,892277.0155
1126,Biomass_thermal,10,-18.38361111,-52.10638889,2018,7435641.796
1130,Biomass_thermal,20,-22.29160666,-55.09379555,2018,14871283.59
1134,Biomass_thermal,60,-21.7802247,-55.57659709,2018,44613850.78
1138,Biomass_thermal,80,-18.46697222,-52.60905556,2018,59485134.37
1142,Biomass_thermal,30,-20.58104577,-49.94241511,2018,22306925.39
1146,Biomass_thermal,130,-21.46663389,-54.38280389,2018,96663343.35
1150,Biomass_thermal,2.4,-8.91268805,-35.71978111,2018,1393245.275
1154,Biomass_thermal,110,-22.12020967,-51.75683455,2018,81792059.76
1158,Biomass_thermal,130,-18.60127208,-51.1912836,2018,96663343.35
1162,Biomass_thermal,55,-20.4184,-48.2114,2018,40896029.88
1166,Biomass_thermal,15,-20.31065667,-49.58983055,2018,11153462.69
1170,Biomass_thermal,40,-18.49445411,-49.64453455,2018,29742567.18
1174,Biomass_thermal,45,-19.3468018,-48.23246258,2018,33460388.08
1178,Biomass_thermal,95,-21.85030967,-50.24723455,2018,70638597.06
1182,Biomass_thermal,79.828,-18.54354805,-53.13304694,2018,59357241.33
1186,Biomass_thermal,72.7,-17.83474389,-53.28199306,2018,54057115.86
1190,Biomass_thermal,79.828,-17.52016266,-52.03963455,2018,59357241.33
1194,Biomass_thermal,72.7,-17.72462078,-53.02192344,2018,54057115.86
1198,Biomass_thermal,105,-17.691843,-51.61553455,2018,78074238.86
1202,Biomass_thermal,55,-19.06567666,-50.36258755,2018,40896029.88
1206,Biomass_thermal,136,-22.47792063,-48.53199852,2018,101124728.4
1210,Biomass_thermal,53,-9.91639113,-36.33397207,2018,30767499.83
1214,Biomass_thermal,60,-17.06217528,-46.18358438,2018,44613850.78
1218,Biomass_thermal,60,-23.0618,-49.1264,2018,44613850.78
1222,Biomass_thermal,44,-21.64912967,-41.39566455,2018,32716823.9
1226,Biomass_thermal,1.2,-11.93767633,-55.50192344,2018,892277.0155
1230,Biomass_thermal,80,-17.33808,-49.93442389,2018,59485134.37
1234,Biomass_thermal,61.5,-18.36900967,-49.26053455,2018,45729197.05
1238,Biomass_thermal,56,-18.97306768,-49.46223519,2018,41639594.06
1242,Biomass_thermal,38,-20.48622531,-49.53904795,2018,28255438.83
1246,Biomass_thermal,12.2,-7.50838722,-34.87588028,2018,7082330.149
1250,Biomass_thermal,114,-22.61045366,-54.68484255,2018,84766316.48
1254,Biomass_thermal,80,-22.43809722,-53.57806389,2018,59485134.37
1258,Biomass_thermal,44,-21.67627753,-49.78065823,2018,32716823.9
1262,Biomass_thermal,14.09,-20.71858,-46.62199,2018,10476819.29
1266,Biomass_thermal,3.2,-26.77534806,-51.019035,2018,2548750.106
1270,Biomass_thermal,8,-21.20628744,-49.73164566,2018,5948513.437
1274,Biomass_thermal,82,-19.30230967,-47.46403455,2018,60972262.73
1278,Biomass_thermal,45,-21.98752131,-47.45007137,2018,33460388.08
1282,Biomass_thermal,10,-21.99715944,-53.42626166,2018,7435641.796
1286,Biomass_thermal,4.825,-7.65666667,-35.36083333,2018,2801003.522
1290,Biomass_thermal,4.65,-21.19722223,-51.215,2018,3457573.435
1294,Biomass_thermal,76,-23.09573189,-49.58359011,2018,56510877.65
1298,Biomass_thermal,3.2,-8.28205621,-35.03807195,2018,1857660.367
1302,Biomass_thermal,80,-21.32450477,-50.949413,2018,59485134.37
1306,Biomass_thermal,28,-17.12289764,-46.6633883,2018,20819797.03
1310,Biomass_thermal,50,-20.03608642,-50.66621362,2018,37178208.98
1314,Biomass_thermal,25,-21.10037467,-51.48213455,2018,18589104.49
1318,Biomass_thermal,71.5,-18.80008333,-52.90986667,2018,53164838.84
1322,Biomass_thermal,19,-21.08203967,-49.91196355,2018,14127719.41
1326,Biomass_thermal,30,-20.35411,-50.18183194,2018,22306925.39
1330,Biomass_thermal,2,-22.401788,-54.442125,2018,1487128.359
1334,Biomass_thermal,60,-20.35411,-50.18183194,2018,44613850.78
1338,Biomass_thermal,16,-18.75548182,-48.61297338,2018,11897026.87
1342,Biomass_thermal,1.7,0.0368379,-51.14457011,2018,2025196.362
1346,Biomass_thermal,78,-15.082836,-49.299446,2018,57998006.01
1350,Biomass_thermal,4.225,-8.6925,-35.60583333,2018,2452692.203
1354,Biomass_thermal,3.6,-23.98864966,-51.83861455,2018,2867343.869
1358,Biomass_thermal,25,-19.30737208,-50.7082536,2018,18589104.49
1362,Biomass_thermal,3.6,-8.39698694,-35.06347194,2018,2089867.913
1366,Biomass_thermal,10,-21.02856267,-49.91837655,2018,7435641.796
1370,Biomass_thermal,25,-10.46812336,-37.18153455,2018,14512971.62
1374,Biomass_thermal,5,-18.41768194,-49.22087,2018,3717820.898
1378,Biomass_thermal,74.25,-20.21872716,-47.65387803,2018,55209640.34
1382,Biomass_thermal,16.52,-22.16160967,-50.47443455,2018,12283680.25
1386,Biomass_thermal,50,-20.9101542,-51.54405681,2018,37178208.98
1390,Biomass_thermal,33,-20.47239048,-47.87488284,2018,24537617.93
1394,Biomass_thermal,11.4,-18.68305556,-48.15805555,2018,8476631.648
1398,Biomass_thermal,70,-21.17427773,-47.62998516,2018,52049492.57
1402,Biomass_thermal,1.28,-23.28194389,-47.67147305,2018,951762.1499
1406,Biomass_thermal,40,-19.34680133,-48.23220122,2018,29742567.18
1410,Biomass_thermal,21.2,-22.45413334,-53.30467222,2018,15763560.61
1414,Biomass_thermal,80,-9.19801513,-48.14333793,2018,95303358.2
1418,Biomass_thermal,16,-17.95103127,-49.88830242,2018,11897026.87
1422,Biomass_thermal,20,-19.70962076,-50.33470122,2018,14871283.59
1426,Biomass_thermal,14,-21.00234,-48.28531,2018,10409898.51
1430,Biomass_thermal,40,-21.48740967,-51.36043455,2018,29742567.18
1434,Biomass_thermal,60,-22.54628744,-51.81886789,2018,44613850.78
1438,Biomass_thermal,4.4,-21.10355006,-50.23016617,2018,3271682.39
1442,Biomass_thermal,5,-22.53129859,-47.38696185,2018,3717820.898
1446,Biomass_thermal,1.2,-28.63778,-49.24214,2018,955781.2898
1450,Biomass_thermal,15,-23.65916967,-53.39944455,2018,11947266.12
1454,Biomass_thermal,8,-10.5061,-37.05483306,2018,4644150.917
1458,Biomass_thermal,33.75,-21.30927611,-51.84714,2018,25095291.06
1462,Biomass_thermal,4.2,-18.97055555,-50.64027778,2018,3122969.554
1466,Biomass_thermal,35,-22.35041833,-48.10598657,2018,26024746.29
1470,Biomass_thermal,3.6,-20.01672593,-47.61586809,2018,2676831.047
1474,Biomass_thermal,30,-17.0637861,-46.17999994,2018,22306925.39
1478,Biomass_thermal,30,-20.93750119,-48.25277659,2018,22306925.39
1482,Biomass_thermal,16,-21.5997425,-49.54,2018,11897026.87
1486,Biomass_thermal,4.4,-4.28624954,-42.98831793,2018,5241684.701
1490,Biomass_thermal,50,-18.4411222,-49.19010049,2018,37178208.98
1494,Biomass_thermal,39.5,-21.31738213,-48.10986231,2018,29370785.09
1498,Biomass_thermal,47,-17.33041666,-50.49572222,2018,34947516.44
1502,Biomass_thermal,42,-22.85850923,-51.377479,2018,33452345.14
1506,Biomass_thermal,3,-21.511276,-51.434012,2018,2230692.539
1510,Biomass_thermal,40,-21.21184299,-48.82803455,2018,29742567.18
1514,Biomass_thermal,1.2,-17.21974194,-46.87541889,2018,892277.0155
1518,Biomass_thermal,4.6,-9.05244806,-35.39833389,2018,2670386.778
1522,Biomass_thermal,30,-22.92363213,-48.92925475,2018,22306925.39
1526,Biomass_thermal,41.4,-18.77092284,-50.22396765,2018,30783557.04
1530,Biomass_thermal,5.8,-31.7455,-52.42458057,2018,4619609.567
1534,Biomass_thermal,7,-21.77737497,-50.88740561,2018,5204949.257
1538,Biomass_thermal,62.5,-9.77704647,-36.08536859,2018,36282429.04
1542,Biomass_thermal,30,-20.08714223,-46.03991225,2018,22306925.39
1546,Biomass_thermal,34,-20.48622531,-49.53904795,2018,25281182.11
1550,Biomass_thermal,8,-20.22999598,-48.62444503,2018,5948513.437
1554,Biomass_thermal,5,-8.10962077,-35.00386788,2018,2902594.323
1558,Biomass_thermal,30,-21.7802247,-55.57659709,2018,22306925.39
1562,Biomass_thermal,55,-22.10472206,-48.48137753,2018,40896029.88
1566,Biomass_thermal,32,-17.68194022,-50.10313733,2018,23794053.75
1570,Biomass_thermal,40,-21.35236942,-51.35639419,2018,29742567.18
1574,Biomass_thermal,1.2,-30.97620861,-54.64368442,2018,955781.2898
1578,Biomass_thermal,43,-22.65241461,-51.7977138,2018,34248829.55
1582,Biomass_thermal,28,-22.33668499,-47.40838559,2018,20819797.03
1586,Biomass_thermal,51.6,-19.251694,-44.984972,2018,38367911.67
1590,Biomass_thermal,2,-22.89160244,-45.33693736,2018,1487128.359
1594,Biomass_thermal,25,-20.68855889,-49.11047972,2018,18589104.49
1598,Biomass_thermal,9.696,-12.57416597,-55.71806522,2018,7209598.286
1602,Biomass_thermal,8,-30.10144917,-53.65444417,2018,6371875.265
1606,Biomass_thermal,20,-18.35347,-49.41785,2018,14871283.59
1610,Biomass_thermal,35,-22.35041833,-48.10598657,2018,26024746.29
1614,Biomass_thermal,19.2,-6.68319366,-35.14897261,2018,11145962.2
1618,Biomass_thermal,11.3,-6.9572225,-35.13555396,2018,6559863.171
1622,Biomass_thermal,20,-17.92397222,-50.63523056,2018,14871283.59
1626,Biomass_thermal,48.5,-20.40611111,-51.02916667,2018,36062862.71
1630,Biomass_thermal,20,-21.33969444,-51.36586111,2018,14871283.59
1634,Biomass_thermal,2.8,-22.15060876,-51.0286572,2018,2081979.703
1638,Biomass_thermal,5,-4.62388889,-43.61416667,2018,5956459.888
1642,Biomass_thermal,8.5,-18.39083333,-49.20444444,2018,6320295.527
1646,Biomass_thermal,12,-15.7044,-58.1253,2018,8922770.155
1650,Biomass_thermal,11.2,-3.71751,-47.4876,2018,13342470.15
1654,Biomass_thermal,70,-21.05069444,-50.84391664,2018,52049492.57
1658,Biomass_thermal,20,-17.61775002,-50.71438891,2018,14871283.59
1662,Biomass_thermal,30,-21.09911365,-51.4082119,2018,22306925.39
1666,Biomass_thermal,5,-1.16638889,-60.23399694,2018,5956459.888
1670,Biomass_thermal,35,-18.7556961,-48.61180555,2018,26024746.29
1674,Biomass_thermal,40,-19.92416098,-49.15502841,2018,29742567.18
1678,Biomass_thermal,40,-22.32505523,-53.82117306,2018,29742567.18
1682,Biomass_thermal,4.2,-22.26463855,-54.54854528,2018,3122969.554
1686,Biomass_thermal,45,-21.34320209,-47.15591937,2018,33460388.08
1690,Biomass_thermal,15,-18.87769722,-49.26573889,2018,11153462.69
1694,Biomass_thermal,5,-22.60472222,-42.15583333,2018,3717820.898
1698,Biomass_thermal,50,-20.47805556,-47.88305556,2018,37178208.98
1702,Biomass_thermal,7.6,-22.80010833,-52.98918055,2018,6053281.502
1706,Biomass_thermal,44.5,-18.54436278,-50.43610556,2018,33088605.99
1710,Biomass_thermal,2.52,-16.29930532,-42.67888223,2018,1873781.733
1714,Biomass_thermal,53.48,-22.59451966,-47.35424455,2018,39765812.33
1718,Biomass_thermal,1.5,-1.45200966,-48.49453455,2018,1786937.966
1722,Biomass_thermal,1,-31.07475193,-50.89514418,2018,796484.4082
1726,Biomass_thermal,79.193,-26.10200967,-50.31253455,2018,63075989.74
1730,Biomass_thermal,1.8,-30.54000967,-52.51253455,2018,1433671.935
1734,Biomass_thermal,13.1,-24.21308428,-48.93110036,2018,9740690.753
1738,Biomass_thermal,2.708,-24.18662966,-48.96344455,2018,2013571.798
1742,Biomass_thermal,16,-26.25295367,-51.09025655,2018,12743750.53
1746,Biomass_thermal,4,-26.18917383,-50.36919527,2018,3185937.633
1750,Biomass_thermal,2,-26.42400967,-51.30653455,2018,1592968.816
1754,Biomass_thermal,10,-31.41267667,-53.07386755,2018,7964844.082
1758,Biomass_thermal,12.33,-25.35785919,-51.48125803,2018,9820652.753
1762,Biomass_thermal,3.5,-19.75400967,-40.37653455,2018,2602474.629
1766,Biomass_thermal,9,-3.05328438,-58.72939659,2018,10721627.8
1770,Biomass_thermal,0.55,-1.35776374,-48.48001672,2018,655210.5877
1774,Biomass_thermal,8,-4.95137694,-47.506665,2018,9530335.82
1778,Biomass_thermal,3.6,-16.61702728,-43.31903732,2018,2676831.047
1782,Biomass_thermal,1.2,-10.87797147,-51.63299291,2018,892277.0155
1786,Biomass_thermal,0.027,-23.54800716,-46.6360286,2018,20076.23285
1790,Biomass_thermal,0.027,-3.08988854,-59.96291034,2018,32164.88339
1794,Biomass_thermal,4,-27.09740864,-52.65164558,2018,3185937.633
1798,Biomass_thermal,28,-27.81599991,-50.32600018,2018,22301563.43
1802,Biomass_thermal,3,-24.74875088,-53.72958088,2018,2389453.225
1806,Biomass_thermal,3.5,-26.97600967,-49.99053455,2018,2787695.429
1810,Biomass_thermal,12.2,-4.88860676,-47.39192739,2018,14533762.13
1814,Biomass_thermal,2,-10.33027747,-58.49027801,2018,1487128.359
1818,Biomass_thermal,2,-19.84400645,-44.6127613,2018,1487128.359
1822,Biomass_thermal,3.15,-26.2380277,-49.48341092,2018,2508925.886
1826,Biomass_thermal,3,-26.25000967,-49.50853455,2018,2389453.225
1830,Biomass_thermal,10,-26.92934267,-51.79053455,2018,7964844.082
1834,Biomass_thermal,24,-12.01015804,-60.69396546,2018,17845540.31
1838,Biomass_thermal,1.2,-26.77090049,-52.19133536,2018,955781.2898
1842,Biomass_thermal,9,-24.532358,-49.941331,2018,7168359.674
1846,Biomass_thermal,4.997,-19.69431417,-44.925735,2018,3715590.206
1850,Biomass_thermal,32.5,-17.29406389,-53.27670278,2018,24165835.84
1854,Biomass_thermal,5,-24.9561666,-50.10949999,2018,3982422.041
1858,Biomass_thermal,6.4,-25.44295411,-51.64525678,2018,5097500.212
1862,Biomass_thermal,1.275,-10.19666657,-59.44777782,2018,948044.329
1866,Biomass_thermal,13.6,-25.54332393,-49.37207557,2018,10832187.95
1870,Biomass_thermal,4.7,-27.11656522,-51.22331233,2018,3743476.718
1874,Biomass_thermal,8,-15.55229389,-54.30005305,2018,5948513.437
1878,Biomass_thermal,5,-15.42120966,-49.73435455,2018,3717820.898
1882,Biomass_thermal,1,-16.32942036,-46.89538499,2018,743564.1796
1886,Biomass_thermal,0.06,-1.69073694,-50.480895,2018,71477.51865
1890,Biomass_thermal,25,-18.84829578,-48.27653455,2018,18589104.49
1894,Biomass_thermal,0.8,-1.29420149,-48.47334687,2018,953033.582
1898,Biomass_thermal,30,-10.18548889,-59.46033233,2018,22306925.39
1902,Biomass_thermal,1.5,-9.92663788,-59.92025407,2018,1115346.269
1906,Biomass_thermal,16.79,-12.76746359,-38.48150825,2018,9746911.738
1910,Biomass_thermal,6,-20.79778232,-51.63182534,2018,4461385.078
1914,Biomass_thermal,0.4,-1.34922222,-48.35319444,2018,476516.791
1918,Biomass_thermal,4.8,-19.46685421,-44.29665437,2018,3569108.062
1922,Biomass_thermal,3,-9.84295282,-57.8184758,2018,2230692.539
1926,Biomass_thermal,2,-9.45790389,-59.21894889,2018,1487128.359
1930,Biomass_thermal,20,-3.01820083,-47.3708002,2018,23825839.55
1934,Biomass_thermal,1.2,-27.00156522,-49.36386789,2018,955781.2898
1938,Biomass_thermal,3,-20.00844444,-44.59738889,2018,2230692.539
1942,Biomass_thermal,0.015,-30.37500034,-54.34638632,2018,11947.26612
1946,Biomass_thermal,30,-13.00154722,-55.94617777,2018,22306925.39
1950,Biomass_thermal,11.5,-10.60711019,-48.37341185,2018,13699857.74
1954,Biomass_thermal,50,-20.38388889,-51.42583333,2018,37178208.98
1958,Biomass_thermal,7,-27.67388889,-52.28750001,2018,5575390.857
1962,Biomass_thermal,4.5,-23.21211665,-47.57551421,2018,3346038.808
1966,Biomass_thermal,8.95,-18.86196032,-48.27768135,2018,6654899.408
1970,Biomass_thermal,3.1,-27.54523987,-51.17473314,2018,2469101.665
1974,Biomass_thermal,2.7,-22.8292243,-43.34016118,2018,2007623.285
1978,Biomass_thermal,3.15,-21.30539781,-49.04313591,2018,2342227.166
1982,Biomass_thermal,14.3,-27.31935745,-50.50938587,2018,11389727.04
1986,Biomass_thermal,3,-16.35027779,-47.54916665,2018,2230692.539
1990,Biomass_thermal,42.3,-12.01685522,-55.51275778,2018,31452764.8
1994,Biomass_thermal,30,-29.87055556,-51.399,2018,23894532.25
1998,Biomass_thermal,3.7,-28.7324869,-50.1184569,2018,2946992.31
2002,Biomass_thermal,3.2,-24.11881669,-49.46914169,2018,2548750.106
2006,Biomass_thermal,22.36,-13.77691666,-56.05272222,2018,16626095.06
2010,Biomass_thermal,1.6,-15.30908617,-41.93951117,2018,1189702.687
2014,Biomass_thermal,5.5,-28.41777778,-53.90972222,2018,4380664.245
2018,Biomass_thermal,3,-1.25229444,-47.92640834,2018,3573875.933
